iteration init 
0.275518 0.649880 0.000000 0.000000 
0.275518 0.649880 0.000000 0.000000 
0.284965 0.671906 0.000000 0.000000 
0.284965 0.671906 0.000000 0.000000 
0.285391 0.675681 0.000020 0.003739 
0.285391 0.675681 0.000020 0.003739 
0.288328 0.676293 0.000196 0.016172 
0.288328 0.676293 0.000196 0.016172 
0.290902 0.684490 0.000421 0.027871 
0.290902 0.684490 0.000421 0.027871 
0.287231 0.677616 0.000627 0.040114 
0.287231 0.677616 0.000627 0.040114 
0.300759 0.685136 0.000626 0.040885 
0.300759 0.685136 0.000626 0.040885 
0.323362 0.710115 0.000626 0.040840 
0.323362 0.710115 0.000626 0.040840 
0.319012 0.673953 0.000626 0.040840 
0.319012 0.673953 0.000626 0.040840 
0.314933 0.642749 0.000626 0.040840 
0.314933 0.642749 0.000626 0.040840 
0.291315 0.619177 0.000626 0.040840 
0.291315 0.619177 0.000626 0.040840 
0.301908 0.607971 0.000626 0.040840 
0.301908 0.607971 0.000626 0.040840 
0.281402 0.604258 0.000626 0.040840 
0.281402 0.604258 0.000626 0.040840 
0.250155 0.603466 0.000626 0.040840 
0.250155 0.603466 0.000626 0.040840 
0.236909 0.612493 0.000626 0.040840 
0.236909 0.612493 0.000626 0.040840 
20.000000 20.000000 0.000626 2.855000 
20.000000 20.000000 0.000626 2.855000 
20.000000 20.000000 0.000626 2.854854 
20.000000 20.000000 0.000626 2.854854 
20.000000 20.000000 0.000622 2.853230 
20.000000 20.000000 0.000622 2.853230 
20.000000 20.000000 0.000600 2.846626 
20.000000 20.000000 0.000600 2.846626 
20.000000 20.000000 0.000574 2.835975 
20.000000 20.000000 0.000574 2.835975 
20.000000 20.000000 0.000475 2.823583 
20.000000 20.000000 0.000475 2.823583 
20.000000 20.000000 0.000216 2.810211 
20.000000 20.000000 0.000216 2.810211 
20.000000 20.000000 0.000154 2.807316 
20.000000 20.000000 0.000154 2.807316 
20.000000 20.000000 0.000376 2.805231 
20.000000 20.000000 0.000376 2.805231 
20.000000 20.000000 0.000683 2.804007 
20.000000 20.000000 0.000683 2.804007 
20.000000 20.000000 0.000958 2.803334 
20.000000 20.000000 0.000958 2.803334 
20.000000 20.000000 0.001341 2.802681 
20.000000 20.000000 0.001341 2.802681 
20.000000 20.000000 0.001401 2.802599 
20.000000 20.000000 0.001401 2.802599 
20.000000 20.000000 0.001519 2.802482 
20.000000 20.000000 0.001519 2.802482 
20.000000 20.000000 0.001457 2.802562 
20.000000 20.000000 0.001457 2.802562 
20.000000 20.000000 0.001208 2.802666 
20.000000 20.000000 0.001208 2.802666 
20.000000 20.000000 0.001360 2.802596 
20.000000 20.000000 0.001360 2.802596 
20.000000 20.000000 0.001339 2.802583 
20.000000 20.000000 0.001339 2.802583 
20.000000 20.000000 0.001068 2.802588 
20.000000 20.000000 0.001068 2.802588 
20.000000 20.000000 -0.001500 2.802439 
20.000000 20.000000 -0.001500 2.802439 
20.000000 20.000000 -0.001349 2.802447 
20.000000 20.000000 -0.001349 2.802447 
20.000000 20.000000 0.000190 2.802506 
20.000000 20.000000 0.000190 2.802506 
20.000000 20.000000 0.000640 2.802507 
20.000000 20.000000 0.000640 2.802507 
20.000000 20.000000 0.000888 2.802504 
20.000000 20.000000 0.000888 2.802504 
20.000000 20.000000 0.000877 2.802504 
20.000000 20.000000 0.000877 2.802504 
20.000000 20.000000 0.000856 2.802505 
20.000000 20.000000 0.000856 2.802505 
20.000000 20.000000 0.000880 2.802504 
20.000000 20.000000 0.000880 2.802504 
20.000000 20.000000 0.000907 2.802504 
20.000000 20.000000 0.000907 2.802504 
20.000000 20.000000 0.000998 2.802502 
20.000000 20.000000 0.000998 2.802502 
20.000000 20.000000 0.001289 2.802500 
20.000000 20.000000 0.001289 2.802500 
20.000000 20.000000 0.001805 2.802500 
20.000000 20.000000 0.001805 2.802500 
20.000000 20.000000 0.001776 2.802500 
20.000000 20.000000 0.001776 2.802500 
20.000000 20.000000 0.001789 2.802500 
20.000000 20.000000 0.001789 2.802500 
20.000000 20.000000 0.001790 2.802500 
20.000000 20.000000 0.001790 2.802500 
20.000000 20.000000 -0.000663 2.802499 
20.000000 20.000000 -0.000663 2.802499 
20.000000 20.000000 -0.010635 2.802711 
20.000000 20.000000 -0.010635 2.802711 
20.000000 20.000000 -0.024353 2.803012 
20.000000 20.000000 -0.024353 2.803012 
20.000000 20.000000 -0.038487 2.802925 
20.000000 20.000000 -0.038487 2.802925 
20.000000 20.000000 -0.052733 2.802618 
20.000000 20.000000 -0.052733 2.802618 
20.000000 20.000000 -0.067190 2.802265 
20.000000 20.000000 -0.067190 2.802265 
20.000000 20.000000 -0.081571 2.801945 
20.000000 20.000000 -0.081571 2.801945 
20.000000 20.000000 -0.097792 2.801624 
20.000000 20.000000 -0.097792 2.801624 
20.000000 20.000000 -0.110682 2.801339 
20.000000 20.000000 -0.110682 2.801339 
20.000000 20.000000 -0.124682 2.801021 
20.000000 20.000000 -0.124682 2.801021 
20.000000 20.000000 -0.139768 2.800756 
20.000000 20.000000 -0.139768 2.800756 
20.000000 20.000000 -0.154174 2.800566 
20.000000 20.000000 -0.154174 2.800566 
20.000000 20.000000 -0.169866 2.800456 
20.000000 20.000000 -0.169866 2.800456 
20.000000 20.000000 -0.184725 2.800406 
20.000000 20.000000 -0.184725 2.800406 
20.000000 20.000000 -0.199589 2.800369 
20.000000 20.000000 -0.199589 2.800369 
20.000000 20.000000 -0.214359 2.800303 
20.000000 20.000000 -0.214359 2.800303 
20.000000 20.000000 -0.229040 2.800254 
20.000000 20.000000 -0.229040 2.800254 
20.000000 20.000000 -0.242782 2.800231 
20.000000 20.000000 -0.242782 2.800231 
20.000000 20.000000 -0.259842 2.800289 
20.000000 20.000000 -0.259842 2.800289 
20.000000 20.000000 -0.273768 2.800289 
20.000000 20.000000 -0.273768 2.800289 
20.000000 20.000000 -0.287990 2.800264 
20.000000 20.000000 -0.287990 2.800264 
20.000000 20.000000 -0.302674 2.800231 
20.000000 20.000000 -0.302674 2.800231 
20.000000 20.000000 -0.316262 2.800213 
20.000000 20.000000 -0.316262 2.800213 
20.000000 20.000000 -0.333226 2.800124 
20.000000 20.000000 -0.333226 2.800124 
20.000000 20.000000 -0.347260 2.800068 
20.000000 20.000000 -0.347260 2.800068 
20.000000 20.000000 -0.361015 2.800056 
20.000000 20.000000 -0.361015 2.800056 
20.000000 20.000000 -0.376958 2.800072 
20.000000 20.000000 -0.376958 2.800072 
20.000000 20.000000 -0.390654 2.800084 
20.000000 20.000000 -0.390654 2.800084 
20.000000 20.000000 -0.398623 2.800084 
20.000000 20.000000 -0.398623 2.800084 
20.000000 20.000000 -0.398656 2.800084 
20.000000 20.000000 -0.398656 2.800084 
20.000000 20.000000 -0.398656 2.800084 
20.000000 20.000000 -0.398656 2.800084 
20.000000 20.000000 -0.398656 2.800084 
20.000000 20.000000 -0.398656 2.800084 
20.000000 20.000000 -0.398656 2.800084 
20.000000 20.000000 -0.398656 2.800084 
20.000000 20.000000 0.145000 2.800084 
20.000000 20.000000 0.145000 2.800084 
20.000000 20.000000 0.145080 2.800084 
20.000000 20.000000 0.145080 2.800084 
20.000000 20.000000 0.145738 2.800084 
20.000000 20.000000 0.145738 2.800084 
20.000000 20.000000 0.150826 2.800092 
20.000000 20.000000 0.150826 2.800092 
20.000000 20.000000 0.160280 2.800184 
20.000000 20.000000 0.160280 2.800184 
20.000000 20.000000 0.172508 2.800274 
20.000000 20.000000 0.172508 2.800274 
20.000000 20.000000 0.185417 2.800183 
20.000000 20.000000 0.185417 2.800183 
20.000000 20.000000 0.200826 2.799864 
20.000000 20.000000 0.200826 2.799864 
20.000000 20.000000 0.214419 2.799525 
20.000000 20.000000 0.214419 2.799525 
20.000000 20.000000 0.228720 2.799141 
20.000000 20.000000 0.228720 2.799141 
20.000000 20.000000 0.242684 2.798798 
20.000000 20.000000 0.242684 2.798798 
20.000000 20.000000 0.257360 2.798498 
20.000000 20.000000 0.257360 2.798498 
20.000000 20.000000 0.272068 2.798258 
20.000000 20.000000 0.272068 2.798258 
20.000000 20.000000 0.286266 2.798045 
20.000000 20.000000 0.286266 2.798045 
20.000000 20.000000 0.300147 2.797900 
20.000000 20.000000 0.300147 2.797900 
20.000000 20.000000 0.314891 2.797744 
20.000000 20.000000 0.314891 2.797744 
20.000000 20.000000 0.330394 2.797574 
20.000000 20.000000 0.330394 2.797574 
20.000000 20.000000 0.345277 2.797437 
20.000000 20.000000 0.345277 2.797437 
20.000000 20.000000 0.359945 2.797402 
20.000000 20.000000 0.359945 2.797402 
20.000000 20.000000 0.375019 2.797352 
20.000000 20.000000 0.375019 2.797352 
20.000000 20.000000 0.389454 2.797287 
20.000000 20.000000 0.389454 2.797287 
20.000000 20.000000 0.404030 2.797247 
20.000000 20.000000 0.404030 2.797247 
20.000000 20.000000 0.418266 2.797212 
20.000000 20.000000 0.418266 2.797212 
20.000000 20.000000 0.432010 2.797193 
20.000000 20.000000 0.432010 2.797193 
20.000000 20.000000 0.448792 2.797171 
20.000000 20.000000 0.448792 2.797171 
20.000000 20.000000 0.462946 2.797189 
20.000000 20.000000 0.462946 2.797189 
20.000000 20.000000 0.476146 2.797050 
20.000000 20.000000 0.476146 2.797050 
20.000000 20.000000 0.491193 2.796851 
20.000000 20.000000 0.491193 2.796851 
20.000000 20.000000 0.505284 2.796793 
20.000000 20.000000 0.505284 2.796793 
20.000000 20.000000 0.519386 2.796806 
20.000000 20.000000 0.519386 2.796806 
20.000000 20.000000 0.536167 2.796788 
20.000000 20.000000 0.536167 2.796788 
20.000000 20.000000 0.550707 2.796752 
20.000000 20.000000 0.550707 2.796752 
20.000000 20.000000 0.563825 2.796664 
20.000000 20.000000 0.563825 2.796664 
20.000000 20.000000 0.579997 2.796489 
20.000000 20.000000 0.579997 2.796489 
20.000000 20.000000 0.595657 2.796482 
20.000000 20.000000 0.595657 2.796482 
20.000000 20.000000 0.609440 2.796518 
20.000000 20.000000 0.609440 2.796518 
20.000000 20.000000 0.623985 2.796651 
20.000000 20.000000 0.623985 2.796651 
20.000000 20.000000 0.638925 2.796828 
20.000000 20.000000 0.638925 2.796828 
20.000000 20.000000 0.654272 2.796952 
20.000000 20.000000 0.654272 2.796952 
20.000000 20.000000 0.659650 2.796902 
20.000000 20.000000 0.659650 2.796902 
20.000000 20.000000 0.664096 2.796291 
20.000000 20.000000 0.664096 2.796291 
20.000000 20.000000 0.665952 2.795809 
20.000000 20.000000 0.665952 2.795809 
20.000000 20.000000 0.667558 2.795152 
20.000000 20.000000 0.667558 2.795152 
20.000000 20.000000 0.668394 2.794634 
20.000000 20.000000 0.668394 2.794634 
20.000000 20.000000 0.668571 2.794493 
20.000000 20.000000 0.668571 2.794493 
20.000000 20.000000 0.668607 2.794439 
20.000000 20.000000 0.668607 2.794439 
20.000000 20.000000 0.668890 2.794003 
20.000000 20.000000 0.668890 2.794003 
20.000000 20.000000 0.669164 2.793436 
20.000000 20.000000 0.669164 2.793436 
20.000000 20.000000 0.669455 2.792619 
20.000000 20.000000 0.669455 2.792619 
20.000000 20.000000 0.669495 2.792469 
20.000000 20.000000 0.669495 2.792469 
11.471291 12.855184 0.669479 2.792637 
11.471291 12.855184 0.669479 2.792637 
7.208565 9.185504 0.669345 2.790814 
7.208565 9.185504 0.669345 2.790814 
5.076441 7.336313 0.669249 2.789948 
5.076441 7.336313 0.669249 2.789948 
4.011795 6.451137 0.669368 2.791202 
4.011795 6.451137 0.669368 2.791202 
3.477034 6.080569 0.669379 2.791753 
3.477034 6.080569 0.669379 2.791753 
3.205574 5.935520 0.669282 2.793406 
3.205574 5.935520 0.669282 2.793406 
3.070978 5.853940 0.669241 2.794021 
3.070978 5.853940 0.669241 2.794021 
3.005819 5.792466 0.669213 2.794591 
3.005819 5.792466 0.669213 2.794591 
2.974677 5.742435 0.669227 2.793817 
2.974677 5.742435 0.669227 2.793817 
2.959714 5.706731 0.669227 2.793476 
2.959714 5.706731 0.669227 2.793476 
2.952285 5.687769 0.669226 2.793377 
2.952285 5.687769 0.669226 2.793377 
2.948591 5.677835 0.669226 2.793350 
2.948591 5.677835 0.669226 2.793350 
2.946772 5.672276 0.669226 2.793306 
2.946772 5.672276 0.669226 2.793306 
2.945870 5.669326 0.669226 2.793305 
2.945870 5.669326 0.669226 2.793305 
2.945402 5.668116 0.669225 2.793224 
2.945402 5.668116 0.669225 2.793224 
2.945163 5.667569 0.669225 2.793194 
2.945163 5.667569 0.669225 2.793194 
2.945048 5.667215 0.669225 2.793205 
2.945048 5.667215 0.669225 2.793205 
2.944991 5.667038 0.669225 2.793205 
2.944991 5.667038 0.669225 2.793205 
2.944957 5.667031 0.669225 2.793194 
2.944957 5.667031 0.669225 2.793194 
2.944941 5.667028 0.669225 2.793194 
2.944941 5.667028 0.669225 2.793194 
2.944932 5.667027 0.669225 2.793194 
2.944932 5.667027 0.669225 2.793194 
2.944928 5.667026 0.669225 2.793194 
2.944928 5.667026 0.669225 2.793194 
2.944926 5.667025 0.669225 2.793194 
2.944926 5.667025 0.669225 2.793194 
2.944925 5.667025 0.669225 2.793194 
2.944925 5.667025 0.669225 2.793194 
2.944929 5.666920 0.669225 2.793183 
2.944929 5.666920 0.669225 2.793183 
2.944931 5.666867 0.669225 2.793183 
2.944931 5.666867 0.669225 2.793183 
2.944932 5.666840 0.669225 2.793183 
2.944932 5.666840 0.669225 2.793183 
2.944928 5.666911 0.669225 2.793172 
2.944928 5.666911 0.669225 2.793172 
2.944926 5.666946 0.669225 2.793172 
2.944926 5.666946 0.669225 2.793172 
2.944925 5.666964 0.669225 2.793172 
2.944925 5.666964 0.669225 2.793172 
2.944924 5.666973 0.669225 2.793172 
2.944924 5.666973 0.669225 2.793172 
2.944924 5.666977 0.669225 2.793172 
2.944924 5.666977 0.669225 2.793172 
2.944924 5.666979 0.669225 2.793172 
2.944924 5.666979 0.669225 2.793172 
2.944924 5.666980 0.669225 2.793172 
2.944924 5.666980 0.669225 2.793172 
2.944924 5.666981 0.669225 2.793172 
2.944924 5.666981 0.669225 2.793172 
2.944924 5.666981 0.669225 2.793172 
2.944924 5.666981 0.669225 2.793172 
2.944924 5.666981 0.669225 2.793172 
2.944924 5.666981 0.669225 2.793172 
2.944924 5.666982 0.669225 2.793172 
2.944924 5.666982 0.669225 2.793172 
2.944924 5.666982 0.669225 2.793172 
2.944924 5.666982 0.669225 2.793172 
2.944919 5.667063 0.669225 2.793161 
2.944919 5.667063 0.669225 2.793161 
2.944917 5.667104 0.669225 2.793161 
2.944917 5.667104 0.669225 2.793161 
2.944916 5.667124 0.669225 2.793161 
2.944916 5.667124 0.669225 2.793161 
2.944915 5.667134 0.669225 2.793161 
2.944915 5.667134 0.669225 2.793161 
2.944915 5.667139 0.669225 2.793161 
2.944915 5.667139 0.669225 2.793161 
2.944914 5.667142 0.669225 2.793161 
2.944914 5.667142 0.669225 2.793161 
2.944914 5.667143 0.669225 2.793161 
2.944914 5.667143 0.669225 2.793161 
2.944914 5.667144 0.669225 2.793161 
2.944914 5.667144 0.669225 2.793161 
2.944914 5.667144 0.669225 2.793161 
2.944914 5.667144 0.669225 2.793161 
2.944914 5.667144 0.669225 2.793161 
2.944914 5.667144 0.669225 2.793161 
2.944914 5.667144 0.669225 2.793161 
2.944914 5.667144 0.669225 2.793161 
2.944914 5.667145 0.669225 2.793161 
2.944914 5.667145 0.669225 2.793161 
2.944914 5.667145 0.669225 2.793161 
2.944914 5.667145 0.669225 2.793161 
2.944914 5.667145 0.669225 2.793161 
2.944914 5.667145 0.669225 2.793161 
2.944914 5.667145 0.669225 2.793161 
2.944914 5.667145 0.669225 2.793161 
2.944914 5.667145 0.669225 2.793161 
2.944914 5.667145 0.669225 2.793161 
2.944914 5.667145 0.669225 2.793161 
2.944914 5.667145 0.669225 2.793161 
2.944914 5.667145 0.669225 2.793161 
2.944914 5.667145 0.669225 2.793161 
2.944914 5.667145 0.669225 2.793161 
2.944914 5.667145 0.669225 2.793161 
2.944914 5.667145 0.669225 2.793161 
2.944914 5.667145 0.669225 2.793161 
2.944914 5.667145 0.669225 2.793161 
2.944914 5.667145 0.669225 2.793161 
2.944914 5.667145 0.669225 2.793161 
2.944914 5.667145 0.669225 2.793161 
2.944914 5.667145 0.669225 2.793161 
2.944914 5.667145 0.669225 2.793161 
2.944914 5.667145 0.669225 2.793161 
2.944914 5.667145 0.669225 2.793161 
2.944914 5.667145 0.669225 2.793161 
2.944914 5.667145 0.669225 2.793161 
2.944914 5.667145 0.669225 2.793161 
2.944914 5.667145 0.669225 2.793161 
2.944914 5.667145 0.669225 2.793161 
2.944914 5.667145 0.669225 2.793161 
2.944914 5.667145 0.669225 2.793161 
2.944914 5.667145 0.669225 2.793161 
2.944914 5.667145 0.669225 2.793161 
2.944914 5.667145 0.669225 2.793161 
2.944914 5.667145 0.669225 2.793161 
2.944914 5.667145 0.669225 2.793161 
2.944914 5.667145 0.669225 2.793161 
2.944914 5.667145 0.669225 2.793161 
2.944914 5.667145 0.669225 2.793161 
2.944914 5.667145 0.669225 2.793161 
2.944914 5.667145 0.669225 2.793161 
2.944914 5.667145 0.669225 2.793161 
2.944914 5.667145 0.669225 2.793161 
2.944914 5.667145 0.669225 2.793161 
2.944914 5.667145 0.669225 2.793161 
2.944914 5.667145 0.669225 2.793161 
2.944914 5.667145 0.669225 2.793161 
2.944914 5.667145 0.669225 2.793161 
2.944914 5.667145 0.669225 2.793161 
2.944914 5.667145 0.669225 2.793161 
2.944914 5.667145 0.669225 2.793161 
2.944914 5.667145 0.669225 2.793161 
2.944914 5.667145 0.669225 2.793161 
2.944914 5.667145 0.669225 2.793161 
2.944914 5.667145 0.669225 2.793161 
2.944914 5.667145 0.669225 2.793161 
2.944914 5.667145 0.669225 2.793161 
2.944914 5.667145 0.669225 2.793161 
2.944914 5.667145 0.669225 2.793161 
2.944914 5.667145 0.669225 2.793161 
2.944914 5.667145 0.669225 2.793161 
2.944914 5.667145 0.669225 2.793161 
2.944914 5.667145 0.669225 2.793161 
2.944914 5.667145 0.669225 2.793161 
2.944914 5.667145 0.669225 2.793161 
2.944914 5.667145 0.669225 2.793161 
2.944914 5.667145 0.669225 2.793161 
2.944914 5.667145 0.669225 2.793161 
2.944914 5.667145 0.669225 2.793161 
2.944914 5.667145 0.669225 2.793161 
2.944914 5.667145 0.669225 2.793161 
2.944914 5.667145 0.669225 2.793161 
2.944914 5.667145 0.669225 2.793161 
2.944914 5.667145 0.669225 2.793161 
2.944914 5.667145 0.669225 2.793161 
2.944914 5.667145 0.669225 2.793161 
2.944914 5.667145 0.669225 2.793161 
2.944914 5.667145 0.669225 2.793161 
2.944914 5.667145 0.669225 2.793161 
2.944914 5.667145 0.669225 2.793161 
2.944914 5.667145 0.669225 2.793161 
2.944914 5.667145 0.669225 2.793161 
2.944914 5.667145 0.669225 2.793161 
2.944914 5.667145 0.669225 2.793161 
2.944914 5.667145 0.669225 2.793161 
2.944914 5.667145 0.669225 2.793161 
2.944914 5.667145 0.669225 2.793161 
2.944914 5.667145 0.669225 2.793161 
2.944914 5.667145 0.669225 2.793161 
2.944914 5.667145 0.669225 2.793161 
2.944914 5.667145 0.669225 2.793161 
2.944914 5.667145 0.669225 2.793161 
2.944914 5.667145 0.669225 2.793161 
2.944914 5.667145 0.669225 2.793161 
2.944914 5.667145 0.669225 2.793161 
2.944914 5.667145 0.669225 2.793161 
2.944914 5.667145 0.669225 2.793161 
2.944914 5.667145 0.669225 2.793161 
2.944914 5.667145 0.669225 2.793161 
2.944914 5.667145 0.669225 2.793161 
2.944914 5.667145 0.669225 2.793161 
2.944914 5.667145 0.669225 2.793161 
2.944914 5.667145 0.669225 2.793161 
2.944914 5.667145 0.669225 2.793161 
2.944914 5.667145 0.669225 2.793161 
2.944914 5.667145 0.669225 2.793161 
2.944914 5.667145 0.669225 2.793161 
2.944914 5.667145 0.669225 2.793161 
2.944914 5.667145 0.669225 2.793161 
2.944914 5.667145 0.669225 2.793161 
2.944914 5.667145 0.669225 2.793161 
2.944914 5.667145 0.669225 2.793161 
2.944914 5.667145 0.669225 2.793161 
2.944914 5.667145 0.669225 2.793161 
2.944914 5.667145 0.669225 2.793161 
2.944914 5.667145 0.669225 2.793161 
2.944914 5.667145 0.669225 2.793161 
2.944914 5.667145 0.669225 2.793161 
2.944914 5.667145 0.669225 2.793161 
2.944914 5.667145 0.669225 2.793161 
2.944914 5.667145 0.669225 2.793161 
2.944914 5.667145 0.669225 2.793161 
2.944914 5.667145 0.669225 2.793161 
2.944914 5.667145 0.669225 2.793161 
2.944914 5.667145 0.669225 2.793161 
2.944914 5.667145 0.669225 2.793161 
2.944914 5.667145 0.669225 2.793161 
2.944914 5.667145 0.669225 2.793161 
2.944914 5.667145 0.669225 2.793161 
2.944914 5.667145 0.669225 2.793161 
2.944914 5.667145 0.669225 2.793161 
2.944914 5.667145 0.669225 2.793161 
2.944914 5.667145 0.669225 2.793161 
2.944914 5.667145 0.669225 2.793161 
2.944914 5.667145 0.669225 2.793161 
2.944914 5.667145 0.669225 2.793161 
2.944914 5.667145 0.669225 2.793161 
2.944914 5.667145 0.669225 2.793161 
2.944914 5.667145 0.669225 2.793161 
2.944914 5.667145 0.669225 2.793161 
2.944914 5.667145 0.669225 2.793161 
2.944914 5.667145 0.669225 2.793161 
2.944914 5.667145 0.669225 2.793161 
2.944914 5.667145 0.669225 2.793161 
2.944914 5.667145 0.669225 2.793161 
2.944914 5.667145 0.669225 2.793161 
2.944914 5.667145 0.669225 2.793161 
2.944914 5.667145 0.669225 2.793161 
2.944914 5.667145 0.669225 2.793161 
2.944914 5.667145 0.669225 2.793161 
2.944914 5.667145 0.669225 2.793161 
2.944914 5.667145 0.669225 2.793161 
2.944914 5.667145 0.669225 2.793161 
2.944914 5.667145 0.669225 2.793161 
2.944914 5.667145 0.669225 2.793161 
2.944914 5.667145 0.669225 2.793161 
2.944914 5.667145 0.669225 2.793161 
2.944914 5.667145 0.669225 2.793161 
2.944914 5.667145 0.669225 2.793161 
2.944914 5.667145 0.669225 2.793161 
2.944914 5.667145 0.669225 2.793161 
2.944914 5.667145 0.669225 2.793161 
2.944914 5.667145 0.669225 2.793161 
2.944914 5.667145 0.669225 2.793161 
2.944914 5.667145 0.669225 2.793161 
2.944914 5.667145 0.669225 2.793161 
2.944914 5.667145 0.669225 2.793161 
2.944914 5.667145 0.669225 2.793161 
2.944914 5.667145 0.669225 2.793161 
2.944914 5.667145 0.669225 2.793161 
2.944914 5.667145 0.669225 2.793161 
2.944914 5.667145 0.669225 2.793161 
2.944914 5.667145 0.669225 2.793161 
2.944914 5.667145 0.669225 2.793161 
2.944914 5.667145 0.669225 2.793161 
2.944914 5.667145 0.669225 2.793161 
2.944914 5.667145 0.669225 2.793161 
2.944914 5.667145 0.669225 2.793161 
2.944914 5.667145 0.669225 2.793161 
2.944914 5.667145 0.669225 2.793161 
2.944914 5.667145 0.669225 2.793161 
2.944914 5.667145 0.669225 2.793161 
2.944914 5.667145 0.669225 2.793161 
2.944914 5.667145 0.669225 2.793161 
2.944914 5.667145 0.669225 2.793161 
2.944914 5.667145 0.669225 2.793161 
2.944914 5.667145 0.669225 2.793161 
2.944914 5.667145 0.669225 2.793161 
2.944914 5.667145 0.669225 2.793161 
2.944914 5.667145 0.669225 2.793161 
2.944914 5.667145 0.669225 2.793161 
2.944914 5.667145 0.669225 2.793161 
2.944914 5.667145 0.669225 2.793161 
2.944914 5.667145 0.669225 2.793161 
2.944914 5.667145 0.669225 2.793161 
2.944914 5.667145 0.669225 2.793161 
2.944914 5.667145 0.669225 2.793161 
2.944914 5.667145 0.669225 2.793161 
2.944914 5.667145 0.669225 2.793161 
2.944914 5.667145 0.669225 2.793161 
2.944914 5.667145 0.669225 2.793161 
2.944914 5.667145 0.669225 2.793161 
2.944914 5.667145 0.669225 2.793161 
2.944914 5.667145 0.669225 2.793161 
2.944914 5.667145 0.669225 2.793161 
2.944914 5.667145 0.669225 2.793161 
2.944914 5.667145 0.669225 2.793161 
2.944914 5.667145 0.669225 2.793161 
2.944914 5.667145 0.669225 2.793161 
2.944914 5.667145 0.669225 2.793161 
2.944914 5.667145 0.669225 2.793161 
2.944914 5.667145 0.669225 2.793161 
2.944914 5.667145 0.669225 2.793161 
2.944914 5.667145 0.669225 2.793161 
2.944914 5.667145 0.669225 2.793161 
2.944914 5.667145 0.669225 2.793161 
2.944914 5.667145 0.669225 2.793161 
2.944914 5.667145 0.669225 2.793161 
2.944914 5.667145 0.669225 2.793161 
2.944914 5.667145 0.669225 2.793161 
2.944914 5.667145 0.669225 2.793161 
2.944914 5.667145 0.669225 2.793161 
2.944914 5.667145 0.669225 2.793161 
2.944914 5.667145 0.669225 2.793161 
2.944914 5.667145 0.669225 2.793161 
2.944914 5.667145 0.669225 2.793161 
2.944914 5.667145 0.669225 2.793161 
2.944914 5.667145 0.669225 2.793161 
2.944914 5.667145 0.669225 2.793161 
2.944914 5.667145 0.669225 2.793161 
2.944914 5.667145 0.669225 2.793161 
2.944914 5.667145 0.669225 2.793161 
2.944914 5.667145 0.669225 2.793161 
2.944914 5.667145 0.669225 2.793161 
2.944914 5.667145 0.669225 2.793161 
2.944914 5.667145 0.669225 2.793161 
2.944914 5.667145 0.669225 2.793161 
2.944914 5.667145 0.669225 2.793161 
2.944914 5.667145 0.669225 2.793161 
2.944914 5.667145 0.669225 2.793161 
2.944914 5.667145 0.669225 2.793161 
2.944914 5.667145 0.669225 2.793161 
2.944914 5.667145 0.669225 2.793161 
2.944914 5.667145 0.669225 2.793161 
2.944914 5.667145 0.669225 2.793161 
2.944914 5.667145 0.669225 2.793161 
2.944914 5.667145 0.669225 2.793161 
2.944914 5.667145 0.669225 2.793161 
2.944914 5.667145 0.669225 2.793161 
2.944914 5.667145 0.669225 2.793161 
2.944914 5.667145 0.669225 2.793161 
2.944914 5.667145 0.669225 2.793161 
2.944914 5.667145 0.669225 2.793161 
2.944914 5.667145 0.669225 2.793161 
2.944914 5.667145 0.669225 2.793161 
2.944914 5.667145 0.669225 2.793161 
2.944914 5.667145 0.669225 2.793161 
2.944914 5.667145 0.669225 2.793161 
2.944914 5.667145 0.669225 2.793161 
2.944914 5.667145 0.669225 2.793161 
2.944914 5.667145 0.669225 2.793161 
2.944914 5.667145 0.669225 2.793161 
2.944914 5.667145 0.669225 2.793161 
2.944914 5.667145 0.669225 2.793161 
2.944914 5.667145 0.669225 2.793161 
2.944914 5.667145 0.669225 2.793161 
2.943836 5.681780 0.669239 2.790016 
2.943836 5.681780 0.669239 2.790016 
20.000000 20.000000 0.669275 2.788389 
20.000000 20.000000 0.669275 2.788389 
20.000000 20.000000 0.669506 2.787206 
20.000000 20.000000 0.669506 2.787206 
20.000000 20.000000 0.670165 2.785377 
20.000000 20.000000 0.670165 2.785377 
20.000000 20.000000 0.672275 2.781079 
20.000000 20.000000 0.672275 2.781079 
20.000000 20.000000 0.675574 2.775313 
20.000000 20.000000 0.675574 2.775313 
20.000000 20.000000 0.679135 2.769380 
20.000000 20.000000 0.679135 2.769380 
20.000000 20.000000 0.685150 2.759056 
20.000000 20.000000 0.685150 2.759056 
20.000000 20.000000 0.690653 2.749144 
20.000000 20.000000 0.690653 2.749144 
20.000000 20.000000 0.695630 2.740300 
20.000000 20.000000 0.695630 2.740300 
20.000000 20.000000 0.701157 2.731259 
20.000000 20.000000 0.701157 2.731259 
20.000000 20.000000 0.706192 2.723605 
20.000000 20.000000 0.706192 2.723605 
20.000000 20.000000 0.713135 2.713479 
20.000000 20.000000 0.713135 2.713479 
20.000000 20.000000 0.720228 2.703567 
20.000000 20.000000 0.720228 2.703567 
20.000000 20.000000 0.728101 2.693185 
20.000000 20.000000 0.728101 2.693185 
20.000000 20.000000 0.736024 2.683150 
20.000000 20.000000 0.736024 2.683150 
20.000000 20.000000 0.745061 2.672079 
20.000000 20.000000 0.745061 2.672079 
20.000000 20.000000 0.751760 2.664232 
20.000000 20.000000 0.751760 2.664232 
20.000000 20.000000 0.761529 2.653298 
20.000000 20.000000 0.761529 2.653298 
20.000000 20.000000 0.771880 2.642028 
20.000000 20.000000 0.771880 2.642028 
20.000000 20.000000 0.782187 2.631134 
20.000000 20.000000 0.782187 2.631134 
20.000000 20.000000 0.791593 2.621460 
20.000000 20.000000 0.791593 2.621460 
20.000000 20.000000 0.801705 2.611244 
20.000000 20.000000 0.801705 2.611244 
20.000000 20.000000 0.811969 2.601166 
20.000000 20.000000 0.811969 2.601166 
20.000000 20.000000 0.823482 2.590454 
20.000000 20.000000 0.823482 2.590454 
20.000000 20.000000 0.833812 2.581114 
20.000000 20.000000 0.833812 2.581114 
20.000000 20.000000 0.846511 2.569910 
20.000000 20.000000 0.846511 2.569910 
20.000000 20.000000 0.856553 2.561244 
20.000000 20.000000 0.856553 2.561244 
20.000000 20.000000 0.870979 2.548887 
20.000000 20.000000 0.870979 2.548887 
20.000000 20.000000 0.882865 2.539070 
20.000000 20.000000 0.882865 2.539070 
20.000000 20.000000 0.893729 2.530438 
20.000000 20.000000 0.893729 2.530438 
20.000000 20.000000 0.907196 2.519804 
20.000000 20.000000 0.907196 2.519804 
20.000000 20.000000 0.918722 2.510760 
20.000000 20.000000 0.918722 2.510760 
20.000000 20.000000 0.930894 2.501479 
20.000000 20.000000 0.930894 2.501479 
20.000000 20.000000 0.943972 2.491851 
20.000000 20.000000 0.943972 2.491851 
20.000000 20.000000 0.957017 2.482435 
20.000000 20.000000 0.957017 2.482435 
20.000000 20.000000 0.970569 2.472893 
20.000000 20.000000 0.970569 2.472893 
20.000000 20.000000 0.983818 2.463949 
20.000000 20.000000 0.983818 2.463949 
20.000000 20.000000 0.998282 2.454378 
20.000000 20.000000 0.998282 2.454378 
20.000000 20.000000 1.011754 2.445475 
20.000000 20.000000 1.011754 2.445475 
20.000000 20.000000 1.024803 2.437043 
20.000000 20.000000 1.024803 2.437043 
20.000000 20.000000 1.039261 2.428195 
20.000000 20.000000 1.039261 2.428195 
20.000000 20.000000 1.054540 2.419153 
20.000000 20.000000 1.054540 2.419153 
20.000000 20.000000 1.069195 2.410560 
20.000000 20.000000 1.069195 2.410560 
20.000000 20.000000 1.083454 2.402140 
20.000000 20.000000 1.083454 2.402140 
20.000000 20.000000 1.097167 2.394237 
20.000000 20.000000 1.097167 2.394237 
20.000000 20.000000 1.111865 2.385963 
20.000000 20.000000 1.111865 2.385963 
20.000000 20.000000 1.125034 2.378702 
20.000000 20.000000 1.125034 2.378702 
20.000000 20.000000 1.139156 2.371118 
20.000000 20.000000 1.139156 2.371118 
20.000000 20.000000 1.140525 2.370436 
20.000000 20.000000 1.140525 2.370436 
20.000000 20.000000 1.141921 2.370012 
20.000000 20.000000 1.141921 2.370012 
20.000000 20.000000 1.142970 2.369838 
20.000000 20.000000 1.142970 2.369838 
20.000000 20.000000 1.143499 2.369829 
20.000000 20.000000 1.143499 2.369829 
20.000000 20.000000 1.143972 2.369909 
20.000000 20.000000 1.143972 2.369909 
20.000000 20.000000 1.143833 2.369875 
20.000000 20.000000 1.143833 2.369875 
20.000000 20.000000 1.144382 2.370137 
20.000000 20.000000 1.144382 2.370137 
20.000000 20.000000 1.144468 2.370171 
20.000000 20.000000 1.144468 2.370171 
20.537781 22.899165 1.144633 2.370326 
20.537781 22.899165 1.144633 2.370326 
20.000000 20.000000 1.143701 2.369312 
20.000000 20.000000 1.143701 2.369312 
20.000000 20.000000 1.143951 2.369595 
20.000000 20.000000 1.143951 2.369595 
20.000000 20.000000 1.143921 2.369560 
20.000000 20.000000 1.143921 2.369560 
20.000000 20.000000 1.145520 2.371386 
20.000000 20.000000 1.145520 2.371386 
20.000000 20.000000 1.156073 2.383633 
20.000000 20.000000 1.156073 2.383633 
20.000000 20.000000 1.182909 2.412354 
20.000000 20.000000 1.182909 2.412354 
20.000000 20.000000 1.203246 2.431060 
20.000000 20.000000 1.203246 2.431060 
20.000000 20.000000 1.234449 2.454997 
20.000000 20.000000 1.234449 2.454997 
20.000000 20.000000 1.266844 2.475225 
20.000000 20.000000 1.266844 2.475225 
20.000000 20.000000 1.295688 2.490306 
20.000000 20.000000 1.295688 2.490306 
20.000000 20.000000 1.331737 2.505746 
20.000000 20.000000 1.331737 2.505746 
20.000000 20.000000 1.367982 2.517764 
20.000000 20.000000 1.367982 2.517764 
20.000000 20.000000 1.401783 2.526656 
20.000000 20.000000 1.401783 2.526656 
20.000000 20.000000 1.442088 2.535686 
20.000000 20.000000 1.442088 2.535686 
20.000000 20.000000 1.467153 2.540689 
20.000000 20.000000 1.467153 2.540689 
20.000000 20.000000 1.502669 2.547719 
20.000000 20.000000 1.502669 2.547719 
20.000000 20.000000 1.528124 2.553341 
20.000000 20.000000 1.528124 2.553341 
20.000000 20.000000 1.550810 2.559261 
20.000000 20.000000 1.550810 2.559261 
20.000000 20.000000 1.572030 2.565828 
20.000000 20.000000 1.572030 2.565828 
20.000000 20.000000 1.591064 2.572701 
20.000000 20.000000 1.591064 2.572701 
20.000000 20.000000 1.607517 2.579557 
20.000000 20.000000 1.607517 2.579557 
20.000000 20.000000 1.622358 2.586553 
20.000000 20.000000 1.622358 2.586553 
20.000000 20.000000 1.633759 2.592556 
20.000000 20.000000 1.633759 2.592556 
20.000000 20.000000 1.644951 2.599073 
20.000000 20.000000 1.644951 2.599073 
20.000000 20.000000 1.654411 2.605103 
20.000000 20.000000 1.654411 2.605103 
20.000000 20.000000 1.662852 2.610809 
20.000000 20.000000 1.662852 2.610809 
20.000000 20.000000 1.670885 2.616540 
20.000000 20.000000 1.670885 2.616540 
20.000000 20.000000 1.676428 2.620748 
20.000000 20.000000 1.676428 2.620748 
20.000000 20.000000 1.681899 2.625161 
20.000000 20.000000 1.681899 2.625161 
20.000000 20.000000 1.687675 2.630081 
20.000000 20.000000 1.687675 2.630081 
20.000000 20.000000 1.691742 2.633666 
20.000000 20.000000 1.691742 2.633666 
20.000000 20.000000 1.695110 2.636775 
20.000000 20.000000 1.695110 2.636775 
20.000000 20.000000 1.698106 2.639604 
20.000000 20.000000 1.698106 2.639604 
20.000000 20.000000 1.700968 2.642323 
20.000000 20.000000 1.700968 2.642323 
20.000000 20.000000 1.702782 2.644072 
20.000000 20.000000 1.702782 2.644072 
20.000000 20.000000 1.705332 2.646533 
20.000000 20.000000 1.705332 2.646533 
20.000000 20.000000 1.707356 2.648494 
20.000000 20.000000 1.707356 2.648494 
20.000000 20.000000 1.708635 2.649745 
20.000000 20.000000 1.708635 2.649745 
20.000000 20.000000 1.709724 2.650806 
20.000000 20.000000 1.709724 2.650806 
20.000000 20.000000 1.710290 2.651351 
20.000000 20.000000 1.710290 2.651351 
20.000000 20.000000 1.711044 2.652066 
20.000000 20.000000 1.711044 2.652066 
20.000000 20.000000 1.711427 2.652423 
20.000000 20.000000 1.711427 2.652423 
20.000000 20.000000 1.711617 2.652599 
20.000000 20.000000 1.711617 2.652599 
20.000000 20.000000 1.711699 2.652675 
20.000000 20.000000 1.711699 2.652675 
20.000000 20.000000 1.711784 2.652754 
20.000000 20.000000 1.711784 2.652754 
20.000000 20.000000 1.711811 2.652778 
20.000000 20.000000 1.711811 2.652778 
20.000000 20.000000 1.711848 2.652812 
20.000000 20.000000 1.711848 2.652812 
20.000000 20.000000 1.711241 2.652259 
20.000000 20.000000 1.711241 2.652259 
20.000000 20.000000 1.698092 2.640854 
20.000000 20.000000 1.698092 2.640854 
20.000000 20.000000 1.681355 2.628554 
20.000000 20.000000 1.681355 2.628554 
20.000000 20.000000 1.663041 2.617849 
20.000000 20.000000 1.663041 2.617849 
20.000000 20.000000 1.638904 2.607318 
20.000000 20.000000 1.638904 2.607318 
20.000000 20.000000 1.608338 2.599045 
20.000000 20.000000 1.608338 2.599045 
20.000000 20.000000 1.581192 2.594469 
20.000000 20.000000 1.581192 2.594469 
20.000000 20.000000 1.552959 2.589910 
20.000000 20.000000 1.552959 2.589910 
20.000000 20.000000 1.523695 2.584486 
20.000000 20.000000 1.523695 2.584486 
20.000000 20.000000 1.494863 2.578692 
20.000000 20.000000 1.494863 2.578692 
20.000000 20.000000 1.469721 2.573519 
20.000000 20.000000 1.469721 2.573519 
20.000000 20.000000 1.439329 2.567543 
20.000000 20.000000 1.439329 2.567543 
20.000000 20.000000 1.413947 2.562806 
20.000000 20.000000 1.413947 2.562806 
20.000000 20.000000 1.390203 2.558485 
20.000000 20.000000 1.390203 2.558485 
20.000000 20.000000 1.368553 2.554378 
20.000000 20.000000 1.368553 2.554378 
20.000000 20.000000 1.347979 2.550374 
20.000000 20.000000 1.347979 2.550374 
20.000000 20.000000 1.329044 2.546312 
20.000000 20.000000 1.329044 2.546312 
20.000000 20.000000 1.311481 2.542296 
20.000000 20.000000 1.311481 2.542296 
20.000000 20.000000 1.291842 2.538240 
20.000000 20.000000 1.291842 2.538240 
20.000000 20.000000 1.277456 2.535604 
20.000000 20.000000 1.277456 2.535604 
20.000000 20.000000 1.263434 2.533016 
20.000000 20.000000 1.263434 2.533016 
20.000000 20.000000 1.250944 2.530664 
20.000000 20.000000 1.250944 2.530664 
20.000000 20.000000 1.238808 2.528268 
20.000000 20.000000 1.238808 2.528268 
20.000000 20.000000 1.227745 2.525987 
20.000000 20.000000 1.227745 2.525987 
20.000000 20.000000 1.218422 2.524050 
20.000000 20.000000 1.218422 2.524050 
20.000000 20.000000 1.208437 2.521971 
20.000000 20.000000 1.208437 2.521971 
20.000000 20.000000 1.200343 2.520311 
20.000000 20.000000 1.200343 2.520311 
20.000000 20.000000 1.191839 2.518589 
20.000000 20.000000 1.191839 2.518589 
20.000000 20.000000 1.185505 2.517333 
20.000000 20.000000 1.185505 2.517333 
20.000000 20.000000 1.177918 2.515823 
20.000000 20.000000 1.177918 2.515823 
20.000000 20.000000 1.171874 2.514594 
20.000000 20.000000 1.171874 2.514594 
20.000000 20.000000 1.165888 2.513351 
20.000000 20.000000 1.165888 2.513351 
20.000000 20.000000 1.160497 2.512226 
20.000000 20.000000 1.160497 2.512226 
20.000000 20.000000 1.155244 2.511139 
20.000000 20.000000 1.155244 2.511139 
20.000000 20.000000 1.151883 2.510435 
20.000000 20.000000 1.151883 2.510435 
20.000000 20.000000 1.148162 2.509693 
20.000000 20.000000 1.148162 2.509693 
20.000000 20.000000 1.143960 2.508872 
20.000000 20.000000 1.143960 2.508872 
20.000000 20.000000 1.141201 2.508323 
20.000000 20.000000 1.141201 2.508323 
20.000000 20.000000 1.137320 2.507542 
20.000000 20.000000 1.137320 2.507542 
20.000000 20.000000 1.134748 2.507024 
20.000000 20.000000 1.134748 2.507024 
20.000000 20.000000 1.132067 2.506467 
20.000000 20.000000 1.132067 2.506467 
20.000000 20.000000 1.129979 2.506014 
20.000000 20.000000 1.129979 2.506014 
20.000000 20.000000 1.127581 2.505500 
20.000000 20.000000 1.127581 2.505500 
20.000000 20.000000 1.125613 2.505103 
20.000000 20.000000 1.125613 2.505103 
20.000000 20.000000 1.123336 2.504661 
20.000000 20.000000 1.123336 2.504661 
20.000000 20.000000 1.121215 2.504260 
20.000000 20.000000 1.121215 2.504260 
20.000000 20.000000 1.119829 2.504002 
20.000000 20.000000 1.119829 2.504002 
20.000000 20.000000 1.118327 2.503720 
20.000000 20.000000 1.118327 2.503720 
20.000000 20.000000 1.120218 2.504079 
20.000000 20.000000 1.120218 2.504079 
20.000000 20.000000 1.141180 2.507352 
20.000000 20.000000 1.141180 2.507352 
20.000000 20.000000 1.167122 2.511216 
20.000000 20.000000 1.167122 2.511216 
20.000000 20.000000 1.196633 2.517087 
20.000000 20.000000 1.196633 2.517087 
20.000000 20.000000 1.229096 2.525367 
20.000000 20.000000 1.229096 2.525367 
20.000000 20.000000 1.260017 2.535275 
20.000000 20.000000 1.260017 2.535275 
20.000000 20.000000 1.288631 2.546294 
20.000000 20.000000 1.288631 2.546294 
20.000000 20.000000 1.315272 2.558614 
20.000000 20.000000 1.320386 2.561274 
20.000000 20.000000 1.343849 2.575119 
20.000000 20.000000 1.343849 2.575119 
20.000000 20.000000 1.365293 2.590670 
20.000000 20.000000 1.365293 2.590670 
20.000000 20.000000 1.383189 2.607105 
20.000000 20.000000 1.383189 2.607105 
20.000000 20.000000 1.400033 2.625835 
20.000000 20.000000 1.400033 2.625835 
20.000000 20.000000 1.414637 2.642425 
20.000000 20.000000 1.414637 2.642425 
20.000000 20.000000 1.429795 2.657837 
20.000000 20.000000 1.429795 2.657837 
20.000000 20.000000 1.444738 2.670473 
20.000000 20.000000 1.444738 2.670473 
20.000000 20.000000 1.461189 2.681692 
20.000000 20.000000 1.461189 2.681692 
20.000000 20.000000 1.476640 2.689640 
20.000000 20.000000 1.476640 2.689640 
20.000000 20.000000 1.490819 2.694658 
20.000000 20.000000 1.490819 2.694658 
20.000000 20.000000 1.504675 2.697819 
20.000000 20.000000 1.504675 2.697819 
20.000000 20.000000 1.517365 2.699310 
20.000000 20.000000 1.517365 2.699310 
20.000000 20.000000 1.529247 2.699485 
20.000000 20.000000 1.529247 2.699485 
20.000000 20.000000 1.539791 2.698476 
20.000000 20.000000 1.539791 2.698476 
20.000000 20.000000 1.549576 2.696629 
20.000000 20.000000 1.549576 2.696629 
20.000000 20.000000 1.557802 2.694390 
20.000000 20.000000 1.557802 2.694390 
20.000000 20.000000 1.566185 2.691313 
20.000000 20.000000 1.566185 2.691313 
20.000000 20.000000 1.570888 2.689216 
20.000000 20.000000 1.570888 2.689216 
20.000000 20.000000 1.576482 2.686333 
20.000000 20.000000 1.576482 2.686333 
20.000000 20.000000 1.581813 2.683157 
20.000000 20.000000 1.581813 2.683157 
20.000000 20.000000 1.585863 2.680552 
20.000000 20.000000 1.585863 2.680552 
20.000000 20.000000 1.589249 2.678155 
20.000000 20.000000 1.589249 2.678155 
20.000000 20.000000 1.592220 2.675897 
20.000000 20.000000 1.592220 2.675897 
20.000000 20.000000 1.595059 2.673613 
20.000000 20.000000 1.595059 2.673613 
20.000000 20.000000 1.597179 2.671819 
20.000000 20.000000 1.597179 2.671819 
20.000000 20.000000 1.599324 2.669953 
20.000000 20.000000 1.599324 2.669953 
20.000000 20.000000 1.601183 2.668284 
20.000000 20.000000 1.601183 2.668284 
20.000000 20.000000 1.602687 2.666908 
20.000000 20.000000 1.602687 2.666908 
20.000000 20.000000 1.604084 2.665605 
20.000000 20.000000 1.604084 2.665605 
20.000000 20.000000 1.605089 2.664656 
20.000000 20.000000 1.605089 2.664656 
20.000000 20.000000 1.606107 2.663689 
20.000000 20.000000 1.606107 2.663689 
20.000000 20.000000 1.606923 2.662911 
20.000000 20.000000 1.606923 2.662911 
20.000000 20.000000 1.607676 2.662193 
20.000000 20.000000 1.607676 2.662193 
20.000000 20.000000 1.608615 2.661294 
20.000000 20.000000 1.608615 2.661294 
20.000000 20.000000 1.609191 2.660741 
20.000000 20.000000 1.609191 2.660741 
20.000000 20.000000 1.609645 2.660304 
20.000000 20.000000 1.609645 2.660304 
20.000000 20.000000 1.610055 2.659908 
20.000000 20.000000 1.610055 2.659908 
20.000000 20.000000 1.610203 2.659764 
20.000000 20.000000 1.610203 2.659764 
20.000000 20.000000 1.610398 2.659574 
20.000000 20.000000 1.610398 2.659574 
20.000000 20.000000 1.610478 2.659497 
20.000000 20.000000 1.610478 2.659497 
20.000000 20.000000 1.610478 2.659497 
20.000000 20.000000 1.610478 2.659497 
20.000000 20.000000 1.610478 2.659497 
20.000000 20.000000 1.610478 2.659497 
20.000000 20.000000 1.610478 2.659497 
20.000000 20.000000 1.610478 2.659497 
20.000000 20.000000 1.610478 2.659497 
20.000000 20.000000 1.610478 2.659497 
20.000000 20.000000 1.610478 2.659497 
20.000000 20.000000 1.610478 2.659497 
20.000000 20.000000 1.610478 2.659497 
20.000000 20.000000 1.610478 2.659497 
20.000000 20.000000 1.610478 2.659497 
20.000000 20.000000 1.610478 2.659497 
20.000000 20.000000 1.610478 2.659497 
20.000000 20.000000 1.610478 2.659497 
20.000000 20.000000 1.610478 2.659497 
20.000000 20.000000 1.610478 2.659497 
20.000000 20.000000 1.610478 2.659497 
20.000000 20.000000 1.610478 2.659497 
20.000000 20.000000 1.610478 2.659497 
20.000000 20.000000 1.610478 2.659497 
20.000000 20.000000 1.610478 2.659497 
20.000000 20.000000 1.610478 2.659497 
20.000000 20.000000 1.610492 2.659482 
20.000000 20.000000 1.610492 2.659482 
20.000000 20.000000 1.611679 2.658332 
20.000000 20.000000 1.611679 2.658332 
20.000000 20.000000 1.626563 2.643778 
20.000000 20.000000 1.626563 2.643778 
20.000000 20.000000 1.644499 2.624085 
20.000000 20.000000 1.644499 2.624085 
20.000000 20.000000 1.659117 2.604311 
20.000000 20.000000 1.659117 2.604311 
20.000000 20.000000 1.673707 2.578525 
20.000000 20.000000 1.673707 2.578525 
20.000000 20.000000 1.685802 2.547016 
20.000000 20.000000 1.685802 2.547016 
20.000000 20.000000 1.691614 2.521423 
20.000000 20.000000 1.691614 2.521423 
20.000000 20.000000 1.693711 2.498405 
20.000000 20.000000 1.693711 2.498405 
20.000000 20.000000 1.693035 2.475753 
20.000000 20.000000 1.693035 2.475753 
20.000000 20.000000 1.690363 2.454351 
20.000000 20.000000 1.690363 2.454351 
20.000000 20.000000 1.686439 2.435269 
20.000000 20.000000 1.686439 2.435269 
20.000000 20.000000 1.680315 2.415456 
20.000000 20.000000 1.680315 2.415456 
20.000000 20.000000 1.674698 2.401266 
20.000000 20.000000 1.674698 2.401266 
20.000000 20.000000 1.668373 2.387865 
20.000000 20.000000 1.668373 2.387865 
20.000000 20.000000 1.662427 2.376783 
20.000000 20.000000 1.662427 2.376783 
20.000000 20.000000 1.656437 2.366832 
20.000000 20.000000 1.656437 2.366832 
20.000000 20.000000 1.651173 2.358920 
20.000000 20.000000 1.651173 2.358920 
20.000000 20.000000 1.646564 2.352501 
20.000000 20.000000 1.646564 2.352501 
20.000000 20.000000 1.642159 2.346701 
20.000000 20.000000 1.642159 2.346701 
20.000000 20.000000 1.636358 2.339410 
20.000000 20.000000 1.636358 2.339410 
20.000000 20.000000 1.632860 2.335161 
20.000000 20.000000 1.632860 2.335161 
20.000000 20.000000 1.629853 2.331769 
20.000000 20.000000 1.629853 2.331769 
20.000000 20.000000 1.626432 2.328802 
20.000000 20.000000 1.626432 2.328802 
20.000000 20.000000 1.623544 2.327288 
20.000000 20.000000 1.623544 2.327288 
20.000000 20.000000 1.620496 2.326413 
20.000000 20.000000 1.620496 2.326413 
20.000000 20.000000 1.617313 2.326140 
20.000000 20.000000 1.617313 2.326140 
20.000000 20.000000 1.613710 2.326633 
20.000000 20.000000 1.613710 2.326633 
20.000000 20.000000 1.606883 2.328983 
20.000000 20.000000 1.606883 2.328983 
20.000000 20.000000 1.595766 2.333587 
20.000000 20.000000 1.595766 2.333587 
20.000000 20.000000 1.586478 2.337254 
20.000000 20.000000 1.586478 2.337254 
20.000000 20.000000 1.569268 2.343657 
20.000000 20.000000 1.569268 2.343657 
20.000000 20.000000 1.559272 2.347474 
20.000000 20.000000 1.559272 2.347474 
20.000000 20.000000 1.544885 2.353296 
20.000000 20.000000 1.544885 2.353296 
20.000000 20.000000 1.529898 2.359567 
20.000000 20.000000 1.529898 2.359567 
20.000000 20.000000 1.515735 2.365783 
20.000000 20.000000 1.515735 2.365783 
20.000000 20.000000 1.500796 2.372648 
20.000000 20.000000 1.500796 2.372648 
20.000000 20.000000 1.485738 2.379704 
20.000000 20.000000 1.485738 2.379704 
20.000000 20.000000 1.472710 2.385859 
20.000000 20.000000 1.472710 2.385859 
20.000000 20.000000 1.457986 2.393089 
20.000000 20.000000 1.457986 2.393089 
20.000000 20.000000 1.441832 2.401347 
20.000000 20.000000 1.441832 2.401347 
20.000000 20.000000 1.427242 2.408976 
20.000000 20.000000 1.427242 2.408976 
20.000000 20.000000 1.412022 2.416907 
20.000000 20.000000 1.412022 2.416907 
20.000000 20.000000 1.398752 2.423844 
20.000000 20.000000 1.398752 2.423844 
20.000000 20.000000 1.382352 2.432483 
20.000000 20.000000 1.382352 2.432483 
20.000000 20.000000 1.369273 2.439164 
20.000000 20.000000 1.369273 2.439164 
20.000000 20.000000 1.355409 2.445673 
20.000000 20.000000 1.355409 2.445673 
20.000000 20.000000 1.340731 2.452069 
20.000000 20.000000 1.340731 2.452069 
20.000000 20.000000 1.326648 2.457788 
20.000000 20.000000 1.326648 2.457788 
20.000000 20.000000 1.314675 2.462034 
20.000000 20.000000 1.314675 2.462034 
20.000000 20.000000 1.303123 2.465306 
20.000000 20.000000 1.303123 2.465306 
20.000000 20.000000 1.294979 2.467075 
20.000000 20.000000 1.294979 2.467075 
20.000000 20.000000 1.279993 2.469326 
20.000000 20.000000 1.279993 2.469326 
20.000000 20.000000 1.266978 2.471533 
20.000000 20.000000 1.266978 2.471533 
20.000000 20.000000 1.250183 2.475061 
20.000000 20.000000 1.250183 2.475061 
20.000000 20.000000 1.237019 2.478007 
20.000000 20.000000 1.237019 2.478007 
20.000000 20.000000 1.221692 2.481244 
20.000000 20.000000 1.221692 2.481244 
20.000000 20.000000 1.203929 2.484882 
20.000000 20.000000 1.203929 2.484882 
20.000000 20.000000 1.190262 2.487593 
20.000000 20.000000 1.190262 2.487593 
20.000000 20.000000 1.171344 2.491380 
20.000000 20.000000 1.171344 2.491380 
20.000000 20.000000 1.156878 2.494340 
20.000000 20.000000 1.156878 2.494340 
20.000000 20.000000 1.140721 2.497527 
20.000000 20.000000 1.140721 2.497527 
20.000000 20.000000 1.126296 2.500168 
20.000000 20.000000 1.126296 2.500168 
20.000000 20.000000 1.107437 2.503709 
20.000000 20.000000 1.107437 2.503709 
20.000000 20.000000 1.093939 2.506404 
20.000000 20.000000 1.093939 2.506404 
20.000000 20.000000 1.077333 2.509691 
20.000000 20.000000 1.077333 2.509691 
20.000000 20.000000 1.063086 2.512388 
20.000000 20.000000 1.063086 2.512388 
20.000000 20.000000 1.045913 2.515544 
20.000000 20.000000 1.045913 2.515544 
20.000000 20.000000 1.029688 2.518468 
20.000000 20.000000 1.029688 2.518468 
20.000000 20.000000 1.013683 2.521505 
20.000000 20.000000 1.013683 2.521505 
20.000000 20.000000 0.997210 2.524700 
20.000000 20.000000 0.997210 2.524700 
20.000000 20.000000 0.983351 2.527295 
20.000000 20.000000 0.983351 2.527295 
20.000000 20.000000 0.967320 2.530397 
20.000000 20.000000 0.967320 2.530397 
20.000000 20.000000 0.950328 2.533965 
20.000000 20.000000 0.950328 2.533965 
20.000000 20.000000 0.936642 2.536811 
20.000000 20.000000 0.936642 2.536811 
20.000000 20.000000 0.918925 2.540417 
20.000000 20.000000 0.918925 2.540417 
20.000000 20.000000 0.902324 2.543989 
20.000000 20.000000 0.902324 2.543989 
20.000000 20.000000 0.886089 2.547714 
20.000000 20.000000 0.886089 2.547714 
20.000000 20.000000 0.872593 2.550665 
20.000000 20.000000 0.872593 2.550665 
20.000000 20.000000 0.855442 2.554106 
20.000000 20.000000 0.855442 2.554106 
20.000000 20.000000 0.841662 2.556891 
20.000000 20.000000 0.841662 2.556891 
20.000000 20.000000 0.824194 2.560693 
20.000000 20.000000 0.824194 2.560693 
20.000000 20.000000 0.807766 2.564376 
20.000000 20.000000 0.807766 2.564376 
20.000000 20.000000 0.794232 2.567273 
20.000000 20.000000 0.794232 2.567273 
20.000000 20.000000 0.776995 2.570865 
20.000000 20.000000 0.776995 2.570865 
20.000000 20.000000 0.759942 2.574230 
20.000000 20.000000 0.759942 2.574230 
20.000000 20.000000 0.745212 2.577048 
20.000000 20.000000 0.745212 2.577048 
20.000000 20.000000 0.732447 2.579421 
20.000000 20.000000 0.732447 2.579421 
20.000000 20.000000 0.731761 2.579569 
20.000000 20.000000 0.731761 2.579569 
20.000000 20.000000 0.731281 2.579555 
20.000000 20.000000 0.731281 2.579555 
20.000000 20.000000 0.720174 2.578421 
20.000000 20.000000 0.720174 2.578421 
20.000000 20.000000 0.689736 2.575474 
20.000000 20.000000 0.689736 2.575474 
20.000000 20.000000 0.652110 2.573845 
20.000000 20.000000 0.652110 2.573845 
20.000000 20.000000 0.623230 2.574667 
20.000000 20.000000 0.623230 2.574667 
20.000000 20.000000 0.577529 2.580033 
20.000000 20.000000 0.577529 2.580033 
20.000000 20.000000 0.541205 2.587971 
20.000000 20.000000 0.541205 2.587971 
20.000000 20.000000 0.505109 2.599444 
20.000000 20.000000 0.505109 2.599444 
20.000000 20.000000 0.475270 2.611565 
20.000000 20.000000 0.475270 2.611565 
20.000000 20.000000 0.443474 2.627197 
20.000000 20.000000 0.443474 2.627197 
20.000000 20.000000 0.406682 2.649080 
20.000000 20.000000 0.406682 2.649080 
20.000000 20.000000 0.375491 2.671576 
20.000000 20.000000 0.375491 2.671576 
20.000000 20.000000 0.350282 2.693786 
20.000000 20.000000 0.350282 2.693786 
20.000000 20.000000 0.328920 2.716746 
20.000000 20.000000 0.328920 2.716746 
20.000000 20.000000 0.310926 2.739102 
20.000000 20.000000 0.310926 2.739102 
20.000000 20.000000 0.293670 2.761010 
20.000000 20.000000 0.293670 2.761010 
20.000000 20.000000 0.276900 2.781565 
20.000000 20.000000 0.276900 2.781565 
20.000000 20.000000 0.260962 2.799452 
20.000000 20.000000 0.260962 2.799452 
20.000000 20.000000 0.245507 2.814607 
20.000000 20.000000 0.245507 2.814607 
20.000000 20.000000 0.233472 2.824987 
20.000000 20.000000 0.233472 2.824987 
20.000000 20.000000 0.218242 2.836315 
20.000000 20.000000 0.218242 2.836315 
20.000000 20.000000 0.204445 2.844795 
20.000000 20.000000 0.204445 2.844795 
20.000000 20.000000 0.191311 2.851791 
20.000000 20.000000 0.191311 2.851791 
20.000000 20.000000 0.182011 2.856061 
20.000000 20.000000 0.182011 2.856061 
20.000000 20.000000 0.169628 2.860639 
20.000000 20.000000 0.169628 2.860639 
20.000000 20.000000 0.160428 2.863291 
20.000000 20.000000 0.160428 2.863291 
20.000000 20.000000 0.153088 2.865077 
20.000000 20.000000 0.153088 2.865077 
20.000000 20.000000 0.144974 2.866735 
20.000000 20.000000 0.144974 2.866735 
20.000000 20.000000 0.138773 2.867813 
20.000000 20.000000 0.138773 2.867813 
20.000000 20.000000 0.132175 2.868793 
20.000000 20.000000 0.132175 2.868793 
20.000000 20.000000 0.125880 2.869511 
20.000000 20.000000 0.125880 2.869511 
20.000000 20.000000 0.121494 2.869921 
20.000000 20.000000 0.121494 2.869921 
20.000000 20.000000 0.118402 2.870152 
20.000000 20.000000 0.118402 2.870152 
20.000000 20.000000 0.114316 2.870384 
20.000000 20.000000 0.114316 2.870384 
20.000000 20.000000 0.111229 2.870552 
20.000000 20.000000 0.111229 2.870552 
20.000000 20.000000 0.108595 2.870674 
20.000000 20.000000 0.108595 2.870674 
20.000000 20.000000 0.105943 2.870767 
20.000000 20.000000 0.105943 2.870767 
20.000000 20.000000 0.103617 2.870839 
20.000000 20.000000 0.103617 2.870839 
20.000000 20.000000 0.100443 2.870917 
20.000000 20.000000 0.100443 2.870917 
20.000000 20.000000 0.098914 2.870940 
20.000000 20.000000 0.098914 2.870940 
20.000000 20.000000 0.097491 2.870965 
20.000000 20.000000 0.097491 2.870965 
20.000000 20.000000 0.096445 2.870986 
20.000000 20.000000 0.096445 2.870986 
20.000000 20.000000 0.094916 2.871012 
20.000000 20.000000 0.094916 2.871012 
20.000000 20.000000 0.093460 2.871029 
20.000000 20.000000 0.093460 2.871029 
20.000000 20.000000 0.092053 2.871033 
20.000000 20.000000 0.092053 2.871033 
20.000000 20.000000 0.090874 2.871024 
20.000000 20.000000 0.090874 2.871024 
20.000000 20.000000 0.090325 2.871018 
20.000000 20.000000 0.090325 2.871018 
20.000000 20.000000 0.089576 2.871007 
20.000000 20.000000 0.089576 2.871007 
20.000000 20.000000 0.088928 2.870998 
20.000000 20.000000 0.088928 2.870998 
20.000000 20.000000 0.088223 2.870989 
20.000000 20.000000 0.088223 2.870989 
20.000000 20.000000 0.087684 2.870984 
20.000000 20.000000 0.087684 2.870984 
20.000000 20.000000 0.087424 2.870982 
20.000000 20.000000 0.087424 2.870982 
20.000000 20.000000 0.087551 2.870983 
20.000000 20.000000 0.087551 2.870983 
20.000000 20.000000 0.087319 2.870981 
20.000000 20.000000 0.087319 2.870981 
20.000000 20.000000 0.087599 2.870983 
20.000000 20.000000 0.087599 2.870983 
20.000000 20.000000 0.095663 2.870596 
20.000000 20.000000 0.095663 2.870596 
20.000000 20.000000 0.108313 2.868205 
20.000000 20.000000 0.108313 2.868205 
20.000000 20.000000 0.120869 2.864355 
20.000000 20.000000 0.120869 2.864355 
20.000000 20.000000 0.132788 2.860776 
20.000000 20.000000 0.132788 2.860776 
20.000000 20.000000 0.146066 2.857614 
20.000000 20.000000 0.146066 2.857614 
20.000000 20.000000 0.156952 2.855371 
20.000000 20.000000 0.156952 2.855371 
20.000000 20.000000 0.166870 2.853388 
20.000000 20.000000 0.166870 2.853388 
20.000000 20.000000 0.177569 2.851287 
20.000000 20.000000 0.177569 2.851287 
20.000000 20.000000 0.185780 2.849788 
20.000000 20.000000 0.185780 2.849788 
20.000000 20.000000 0.194752 2.848268 
20.000000 20.000000 0.194752 2.848268 
20.000000 20.000000 0.203397 2.846964 
20.000000 20.000000 0.203397 2.846964 
20.000000 20.000000 0.211883 2.845777 
20.000000 20.000000 0.211883 2.845777 
20.000000 20.000000 0.218866 2.844874 
20.000000 20.000000 0.218866 2.844874 
20.000000 20.000000 0.222301 2.844464 
20.000000 20.000000 0.222301 2.844464 
20.000000 20.000000 0.222864 2.844399 
20.000000 20.000000 0.222864 2.844399 
20.000000 20.000000 0.224276 2.844235 
20.000000 20.000000 0.224276 2.844235 
20.000000 20.000000 0.224749 2.844181 
20.000000 20.000000 0.224749 2.844181 
20.000000 20.000000 0.225457 2.844072 
20.000000 20.000000 0.225457 2.844072 
20.000000 20.000000 0.226488 2.843797 
20.000000 20.000000 0.226488 2.843797 
20.000000 20.000000 0.226974 2.843603 
20.000000 20.000000 0.226974 2.843603 
20.000000 20.000000 0.227459 2.843331 
20.000000 20.000000 0.227459 2.843331 
20.000000 20.000000 0.227541 2.843270 
20.000000 20.000000 0.227541 2.843270 
20.000000 20.000000 0.227433 2.843396 
20.000000 20.000000 0.227433 2.843396 
20.000000 20.000000 0.227445 2.843368 
20.000000 20.000000 0.227445 2.843368 
20.000000 20.000000 0.227517 2.843244 
20.000000 20.000000 0.227517 2.843244 
20.000000 20.000000 0.227562 2.843102 
20.000000 20.000000 0.227562 2.843102 
20.000000 20.000000 0.227560 2.842946 
20.000000 20.000000 0.227560 2.842946 
20.000000 20.000000 0.227573 2.842826 
20.000000 20.000000 0.227573 2.842826 
20.000000 20.000000 0.227655 2.843228 
20.000000 20.000000 0.227655 2.843228 
20.000000 20.000000 0.227648 2.843190 
20.000000 20.000000 0.227648 2.843190 
20.000000 20.000000 0.227999 2.844007 
20.000000 20.000000 0.227999 2.844007 
20.000000 20.000000 0.227602 2.843358 
20.000000 20.000000 0.227602 2.843358 
20.000000 20.000000 0.227464 2.843229 
20.000000 20.000000 0.227464 2.843229 
20.000000 20.000000 0.227853 2.843585 
20.000000 20.000000 0.227853 2.843585 
20.000000 20.000000 0.228121 2.843757 
20.000000 20.000000 0.228121 2.843757 
20.000000 20.000000 0.227783 2.843583 
20.000000 20.000000 0.227783 2.843583 
20.000000 20.000000 0.228279 2.843734 
20.000000 20.000000 0.228279 2.843734 
20.000000 20.000000 0.228187 2.843724 
20.000000 20.000000 0.228187 2.843724 
20.000000 20.000000 0.228944 2.843716 
20.000000 20.000000 0.228944 2.843716 
20.000000 20.000000 0.231234 2.843501 
20.000000 20.000000 0.231234 2.843501 
20.000000 20.000000 0.232347 2.843264 
20.000000 20.000000 0.232347 2.843264 
20.000000 20.000000 0.234007 2.842643 
20.000000 20.000000 0.234007 2.842643 
20.000000 20.000000 0.235170 2.842032 
20.000000 20.000000 0.235170 2.842032 
20.000000 20.000000 0.236528 2.841056 
20.000000 20.000000 0.236528 2.841056 
20.000000 20.000000 0.238648 2.839060 
20.000000 20.000000 0.238648 2.839060 
20.000000 20.000000 0.242507 2.834931 
20.000000 20.000000 0.242507 2.834931 
20.000000 20.000000 0.246642 2.830269 
20.000000 20.000000 0.246642 2.830269 
20.000000 20.000000 0.250894 2.825445 
20.000000 20.000000 0.250894 2.825445 
20.000000 20.000000 0.255702 2.820102 
20.000000 20.000000 0.255702 2.820102 
20.000000 20.000000 0.260754 2.814650 
20.000000 20.000000 0.260754 2.814650 
20.000000 20.000000 0.266262 2.808909 
20.000000 20.000000 0.266262 2.808909 
20.000000 20.000000 0.272535 2.802601 
20.000000 20.000000 0.272535 2.802601 
20.000000 20.000000 0.277733 2.797585 
20.000000 20.000000 0.277733 2.797585 
20.000000 20.000000 0.284179 2.791639 
20.000000 20.000000 0.284179 2.791639 
20.000000 20.000000 0.290891 2.785668 
20.000000 20.000000 0.290891 2.785668 
20.000000 20.000000 0.299557 2.778218 
20.000000 20.000000 0.299557 2.778218 
20.000000 20.000000 0.306875 2.772238 
20.000000 20.000000 0.306875 2.772238 
20.000000 20.000000 0.315260 2.765536 
20.000000 20.000000 0.315260 2.765536 
20.000000 20.000000 0.324199 2.758481 
20.000000 20.000000 0.324199 2.758481 
20.000000 20.000000 0.333859 2.751050 
20.000000 20.000000 0.333859 2.751050 
20.000000 20.000000 0.341964 2.745028 
20.000000 20.000000 0.341964 2.745028 
20.000000 20.000000 0.352971 2.737094 
20.000000 20.000000 0.352971 2.737094 
20.000000 20.000000 0.363790 2.729461 
20.000000 20.000000 0.363790 2.729461 
20.000000 20.000000 0.372613 2.723311 
20.000000 20.000000 0.372613 2.723311 
20.000000 20.000000 0.383490 2.715601 
20.000000 20.000000 0.383490 2.715601 
20.000000 20.000000 0.392104 2.709631 
20.000000 20.000000 0.392104 2.709631 
20.000000 20.000000 0.403965 2.701913 
20.000000 20.000000 0.403965 2.701913 
20.000000 20.000000 0.416425 2.693928 
20.000000 20.000000 0.416425 2.693928 
20.000000 20.000000 0.429277 2.685708 
20.000000 20.000000 0.429277 2.685708 
20.000000 20.000000 0.440187 2.678736 
20.000000 20.000000 0.440187 2.678736 
20.000000 20.000000 0.450959 2.671900 
20.000000 20.000000 0.450959 2.671900 
20.000000 20.000000 0.464085 2.663813 
20.000000 20.000000 0.464085 2.663813 
20.000000 20.000000 0.475460 2.656992 
20.000000 20.000000 0.475460 2.656992 
20.000000 20.000000 0.489202 2.648759 
20.000000 20.000000 0.489202 2.648759 
20.000000 20.000000 0.503506 2.640272 
20.000000 20.000000 0.503506 2.640272 
20.000000 20.000000 0.515201 2.633466 
20.000000 20.000000 0.515201 2.633466 
20.000000 20.000000 0.529562 2.625217 
20.000000 20.000000 0.529562 2.625217 
20.000000 20.000000 0.541055 2.618622 
20.000000 20.000000 0.541055 2.618622 
20.000000 20.000000 0.556821 2.609831 
20.000000 20.000000 0.556821 2.609831 
20.000000 20.000000 0.568470 2.603567 
20.000000 20.000000 0.568470 2.603567 
20.000000 20.000000 0.585025 2.594728 
20.000000 20.000000 0.585025 2.594728 
20.000000 20.000000 0.597004 2.588361 
20.000000 20.000000 0.597004 2.588361 
20.000000 20.000000 0.611016 2.580950 
20.000000 20.000000 0.611016 2.580950 
20.000000 20.000000 0.624595 2.573899 
20.000000 20.000000 0.624595 2.573899 
20.000000 20.000000 0.639626 2.566420 
20.000000 20.000000 0.639626 2.566420 
20.000000 20.000000 0.653282 2.559861 
20.000000 20.000000 0.653282 2.559861 
20.000000 20.000000 0.669059 2.552244 
20.000000 20.000000 0.669059 2.552244 
20.000000 20.000000 0.684169 2.544962 
20.000000 20.000000 0.684169 2.544962 
20.000000 20.000000 0.696484 2.539166 
20.000000 20.000000 0.696484 2.539166 
20.000000 20.000000 0.710280 2.532826 
20.000000 20.000000 0.710280 2.532826 
20.000000 20.000000 0.727876 2.525118 
20.000000 20.000000 0.727876 2.525118 
20.000000 20.000000 0.743510 2.518451 
20.000000 20.000000 0.743510 2.518451 
20.000000 20.000000 0.757447 2.512569 
20.000000 20.000000 0.757447 2.512569 
20.000000 20.000000 0.773787 2.505692 
20.000000 20.000000 0.773787 2.505692 
20.000000 20.000000 0.789096 2.499324 
20.000000 20.000000 0.789096 2.499324 
20.000000 20.000000 0.805697 2.492674 
20.000000 20.000000 0.805697 2.492674 
20.000000 20.000000 0.822276 2.486039 
20.000000 20.000000 0.822276 2.486039 
20.000000 20.000000 0.837993 2.479675 
20.000000 20.000000 0.837993 2.479675 
20.000000 20.000000 0.851197 2.474410 
20.000000 20.000000 0.851197 2.474410 
20.000000 20.000000 0.865977 2.468776 
20.000000 20.000000 0.865977 2.468776 
20.000000 20.000000 0.884202 2.461924 
20.000000 20.000000 0.884202 2.461924 
20.000000 20.000000 0.900794 2.455755 
20.000000 20.000000 0.900794 2.455755 
20.000000 20.000000 0.917300 2.449757 
20.000000 20.000000 0.917300 2.449757 
20.000000 20.000000 0.930983 2.444806 
20.000000 20.000000 0.930983 2.444806 
20.000000 20.000000 0.948326 2.438623 
20.000000 20.000000 0.948326 2.438623 
20.000000 20.000000 0.966240 2.432327 
20.000000 20.000000 0.966240 2.432327 
20.000000 20.000000 0.979696 2.427545 
20.000000 20.000000 0.979696 2.427545 
20.000000 20.000000 0.996591 2.421374 
20.000000 20.000000 0.996591 2.421374 
20.000000 20.000000 1.013246 2.415323 
20.000000 20.000000 1.013246 2.415323 
20.000000 20.000000 1.029962 2.409385 
20.000000 20.000000 1.029962 2.409385 
20.000000 20.000000 1.046387 2.403649 
20.000000 20.000000 1.046387 2.403649 
20.000000 20.000000 1.059862 2.399085 
20.000000 20.000000 1.059862 2.399085 
20.000000 20.000000 1.076711 2.393512 
20.000000 20.000000 1.076711 2.393512 
20.000000 20.000000 1.083806 2.391238 
20.000000 20.000000 1.083806 2.391238 
20.000000 20.000000 1.084424 2.391125 
20.000000 20.000000 1.084424 2.391125 
20.000000 20.000000 1.085542 2.391025 
20.000000 20.000000 1.085542 2.391025 
20.000000 20.000000 1.090805 2.391552 
20.000000 20.000000 1.090805 2.391552 
20.000000 20.000000 1.117213 2.395033 
20.000000 20.000000 1.117213 2.395033 
20.000000 20.000000 1.153411 2.398622 
20.000000 20.000000 1.153411 2.398622 
20.000000 20.000000 1.188424 2.398895 
20.000000 20.000000 1.188424 2.398895 
20.000000 20.000000 1.223794 2.396006 
20.000000 20.000000 1.223794 2.396006 
20.000000 20.000000 1.259984 2.389681 
20.000000 20.000000 1.259984 2.389681 
20.000000 20.000000 1.296291 2.379885 
20.000000 20.000000 1.296291 2.379885 
20.000000 20.000000 1.330764 2.367563 
20.000000 20.000000 1.330764 2.367563 
20.000000 20.000000 1.366069 2.352073 
20.000000 20.000000 1.366069 2.352073 
20.000000 20.000000 1.399918 2.334679 
20.000000 20.000000 1.399918 2.334679 
20.000000 20.000000 1.433349 2.315074 
20.000000 20.000000 1.433349 2.315074 
20.000000 20.000000 1.470513 2.291229 
20.000000 20.000000 1.470513 2.291229 
20.000000 20.000000 1.501073 2.270168 
20.000000 20.000000 1.501073 2.270168 
20.000000 20.000000 1.528950 2.249916 
20.000000 20.000000 1.528950 2.249916 
20.000000 20.000000 1.555042 2.230294 
20.000000 20.000000 1.555042 2.230294 
20.000000 20.000000 1.586578 2.206670 
20.000000 20.000000 1.586578 2.206670 
20.000000 20.000000 1.609295 2.190916 
20.000000 20.000000 1.609295 2.190916 
20.000000 20.000000 1.634731 2.175639 
20.000000 20.000000 1.634731 2.175639 
20.000000 20.000000 1.666439 2.160336 
20.000000 20.000000 1.666439 2.160336 
20.000000 20.000000 1.690990 2.151296 
20.000000 20.000000 1.690990 2.151296 
20.000000 20.000000 1.716944 2.144040 
20.000000 20.000000 1.716944 2.144040 
20.000000 20.000000 1.740826 2.139620 
20.000000 20.000000 1.740826 2.139620 
20.000000 20.000000 1.767345 2.137246 
20.000000 20.000000 1.767345 2.137246 
20.000000 20.000000 1.785691 2.136540 
20.000000 20.000000 1.785691 2.136540 
20.000000 20.000000 1.802405 2.136333 
20.000000 20.000000 1.802405 2.136333 
20.000000 20.000000 1.821074 2.136365 
20.000000 20.000000 1.821074 2.136365 
20.000000 20.000000 1.834233 2.136495 
20.000000 20.000000 1.834233 2.136495 
20.000000 20.000000 1.849293 2.136820 
20.000000 20.000000 1.849293 2.136820 
20.000000 20.000000 1.860256 2.137097 
20.000000 20.000000 1.860256 2.137097 
20.000000 20.000000 1.869810 2.137293 
20.000000 20.000000 1.869810 2.137293 
20.000000 20.000000 1.878525 2.137443 
20.000000 20.000000 1.878525 2.137443 
20.000000 20.000000 1.886438 2.137549 
20.000000 20.000000 1.886438 2.137549 
20.000000 20.000000 1.894327 2.137585 
20.000000 20.000000 1.894327 2.137585 
20.000000 20.000000 1.896978 2.137542 
20.000000 20.000000 1.896978 2.137542 
20.000000 20.000000 1.897039 2.137540 
20.000000 20.000000 1.897039 2.137540 
20.000000 20.000000 1.897090 2.137539 
20.000000 20.000000 1.897090 2.137539 
20.000000 20.000000 1.897170 2.137536 
20.000000 20.000000 1.897170 2.137536 
20.000000 20.000000 1.897186 2.137536 
20.000000 20.000000 1.897186 2.137536 
20.000000 20.000000 1.897187 2.137536 
20.000000 20.000000 1.897187 2.137536 
20.000000 20.000000 1.897238 2.137534 
20.000000 20.000000 1.897238 2.137534 
20.000000 20.000000 1.897275 2.137533 
20.000000 20.000000 1.897275 2.137533 
20.000000 20.000000 1.897275 2.137533 
20.000000 20.000000 1.897275 2.137533 
20.000000 20.000000 1.897301 2.137532 
20.000000 20.000000 1.897301 2.137532 
20.000000 20.000000 1.897301 2.137532 
20.000000 20.000000 1.897301 2.137532 
20.000000 20.000000 1.897301 2.137532 
20.000000 20.000000 1.897301 2.137532 
20.000000 20.000000 1.897232 2.137535 
20.000000 20.000000 1.897232 2.137535 
20.000000 20.000000 1.897192 2.137536 
20.000000 20.000000 1.897192 2.137536 
20.000000 20.000000 1.896909 2.137544 
20.000000 20.000000 1.896909 2.137544 
20.000000 20.000000 1.894423 2.137602 
20.000000 20.000000 1.894423 2.137602 
20.000000 20.000000 1.879235 2.136934 
20.000000 20.000000 1.879235 2.136934 
20.000000 20.000000 1.858995 2.133638 
20.000000 20.000000 1.858995 2.133638 
20.000000 20.000000 1.839808 2.128230 
20.000000 20.000000 1.839808 2.128230 
20.000000 20.000000 1.811497 2.115706 
20.000000 20.000000 1.811497 2.115706 
20.000000 20.000000 1.793485 2.104591 
20.000000 20.000000 1.793485 2.104591 
20.000000 20.000000 1.771521 2.086984 
20.000000 20.000000 1.771521 2.086984 
20.000000 20.000000 1.753094 2.067595 
20.000000 20.000000 1.753094 2.067595 
20.000000 20.000000 1.736708 2.045173 
20.000000 20.000000 1.736708 2.045173 
20.000000 20.000000 1.723303 2.020385 
20.000000 20.000000 1.723303 2.020385 
20.000000 20.000000 1.713168 1.993704 
20.000000 20.000000 1.713168 1.993704 
20.000000 20.000000 1.706698 1.966779 
20.000000 20.000000 1.706698 1.966779 
20.000000 20.000000 1.703688 1.939747 
20.000000 20.000000 1.703688 1.939747 
20.000000 20.000000 1.703895 1.921051 
20.000000 20.000000 1.703895 1.921051 
20.000000 20.000000 1.703597 1.923276 
20.000000 20.000000 1.703597 1.923276 
20.000000 20.000000 1.703150 1.926123 
20.000000 20.000000 1.703150 1.926123 
20.000000 20.000000 1.703530 1.924713 
20.000000 20.000000 1.703530 1.924713 
20.000000 20.000000 1.702629 1.926194 
20.000000 20.000000 1.702629 1.926194 
20.000000 20.000000 1.701735 1.927185 
20.000000 20.000000 1.701735 1.927185 
20.000000 20.000000 1.699518 1.928873 
20.000000 20.000000 1.699518 1.928873 
20.000000 20.000000 1.694261 1.931755 
20.000000 20.000000 1.694261 1.931755 
20.000000 20.000000 1.685923 1.935627 
20.000000 20.000000 1.685923 1.935627 
20.000000 20.000000 1.676519 1.940630 
20.000000 20.000000 1.676519 1.940630 
20.000000 20.000000 1.665478 1.947433 
20.000000 20.000000 1.665478 1.947433 
20.000000 20.000000 1.653515 1.955315 
20.000000 20.000000 1.653515 1.955315 
20.000000 20.000000 1.642727 1.962525 
20.000000 20.000000 1.642727 1.962525 
20.000000 20.000000 1.629003 1.971836 
20.000000 20.000000 1.629003 1.971836 
20.000000 20.000000 1.616185 1.980577 
20.000000 20.000000 1.616185 1.980577 
20.000000 20.000000 1.604668 1.988662 
20.000000 20.000000 1.604668 1.988662 
20.000000 20.000000 1.595622 1.995509 
20.000000 20.000000 1.595622 1.995509 
20.000000 20.000000 1.584171 2.005028 
20.000000 20.000000 1.584171 2.005028 
20.000000 20.000000 1.577240 2.011364 
20.000000 20.000000 1.577240 2.011364 
20.000000 20.000000 1.573148 2.015349 
20.000000 20.000000 1.573148 2.015349 
20.000000 20.000000 1.571106 2.017414 
20.000000 20.000000 1.571106 2.017414 
20.000000 20.000000 1.569769 2.018795 
20.000000 20.000000 1.569769 2.018795 
20.000000 20.000000 1.568372 2.020264 
20.000000 20.000000 1.568372 2.020264 
20.000000 20.000000 1.568306 2.020335 
20.000000 20.000000 1.568306 2.020335 
20.000000 20.000000 1.568312 2.020327 
20.000000 20.000000 1.568312 2.020327 
20.000000 20.000000 1.568392 2.020242 
20.000000 20.000000 1.568392 2.020242 
20.000000 20.000000 1.568306 2.020334 
20.000000 20.000000 1.568306 2.020334 
20.000000 20.000000 1.568268 2.020374 
20.000000 20.000000 1.568268 2.020374 
20.000000 20.000000 1.568224 2.020422 
20.000000 20.000000 1.568224 2.020422 
20.000000 20.000000 1.568180 2.020469 
20.000000 20.000000 1.568180 2.020469 
20.000000 20.000000 1.568180 2.020469 
20.000000 20.000000 1.568180 2.020469 
20.000000 20.000000 1.568203 2.020444 
20.000000 20.000000 1.568203 2.020444 
20.000000 20.000000 1.568334 2.020305 
20.000000 20.000000 1.568334 2.020305 
20.000000 20.000000 1.568622 2.019998 
20.000000 20.000000 1.568622 2.019998 
20.000000 20.000000 1.568549 2.020075 
20.000000 20.000000 1.568549 2.020075 
20.000000 20.000000 1.568534 2.020091 
20.000000 20.000000 1.568534 2.020091 
20.000000 20.000000 1.568494 2.020133 
20.000000 20.000000 1.568494 2.020133 
20.000000 20.000000 1.567763 2.020911 
20.000000 20.000000 1.567763 2.020911 
20.000000 20.000000 1.564934 2.023987 
20.000000 20.000000 1.564934 2.023987 
20.000000 20.000000 1.564977 2.023947 
20.000000 20.000000 1.564977 2.023947 
20.000000 20.000000 1.566055 2.022871 
20.000000 20.000000 1.566055 2.022871 
20.000000 20.000000 1.565853 2.023067 
20.000000 20.000000 1.565853 2.023067 
20.000000 20.000000 1.564420 2.024461 
20.000000 20.000000 1.564420 2.024461 
20.000000 20.000000 1.562195 2.026655 
20.000000 20.000000 1.562195 2.026655 
20.000000 20.000000 1.558295 2.030421 
20.000000 20.000000 1.558295 2.030421 
20.000000 20.000000 1.550858 2.037007 
20.000000 20.000000 1.550858 2.037007 
20.000000 20.000000 1.540613 2.045313 
20.000000 20.000000 1.540613 2.045313 
20.000000 20.000000 1.531655 2.052286 
20.000000 20.000000 1.531655 2.052286 
20.000000 20.000000 1.519703 2.061594 
20.000000 20.000000 1.519703 2.061594 
20.000000 20.000000 1.505611 2.073462 
20.000000 20.000000 1.505611 2.073462 
20.000000 20.000000 1.491871 2.085746 
20.000000 20.000000 1.491871 2.085746 
20.000000 20.000000 1.479071 2.096973 
20.000000 20.000000 1.479071 2.096973 
20.000000 20.000000 1.466683 2.107857 
20.000000 20.000000 1.466683 2.107857 
20.000000 20.000000 1.455335 2.118056 
20.000000 20.000000 1.455335 2.118056 
20.000000 20.000000 1.442752 2.129745 
20.000000 20.000000 1.442752 2.129745 
20.000000 20.000000 1.429533 2.142371 
20.000000 20.000000 1.429533 2.142371 
20.000000 20.000000 1.418859 2.152716 
20.000000 20.000000 1.418859 2.152716 
20.000000 20.000000 1.406252 2.164883 
20.000000 20.000000 1.406252 2.164883 
20.000000 20.000000 1.393833 2.176883 
20.000000 20.000000 1.393833 2.176883 
20.000000 20.000000 1.380520 2.189782 
20.000000 20.000000 1.380520 2.189782 
20.000000 20.000000 1.368000 2.202001 
20.000000 20.000000 1.368000 2.202001 
20.000000 20.000000 1.355191 2.214377 
20.000000 20.000000 1.355191 2.214377 
20.000000 20.000000 1.342776 2.226309 
20.000000 20.000000 1.342776 2.226309 
20.000000 20.000000 1.330130 2.238544 
20.000000 20.000000 1.330130 2.238544 
20.000000 20.000000 1.317186 2.250975 
20.000000 20.000000 1.317186 2.250975 
20.000000 20.000000 1.304213 2.263513 
20.000000 20.000000 1.304213 2.263513 
20.000000 20.000000 1.291901 2.275534 
20.000000 20.000000 1.291901 2.275534 
20.000000 20.000000 1.279580 2.287690 
20.000000 20.000000 1.279580 2.287690 
20.000000 20.000000 1.267214 2.299985 
20.000000 20.000000 1.267214 2.299985 
20.000000 20.000000 1.254840 2.312308 
20.000000 20.000000 1.254840 2.312308 
20.000000 20.000000 1.241942 2.324678 
20.000000 20.000000 1.241942 2.324678 
20.000000 20.000000 1.231391 2.334656 
20.000000 20.000000 1.231391 2.334656 
20.000000 20.000000 1.217964 2.347430 
20.000000 20.000000 1.217964 2.347430 
20.000000 20.000000 1.206066 2.358796 
20.000000 20.000000 1.206066 2.358796 
20.000000 20.000000 1.192964 2.371170 
20.000000 20.000000 1.192964 2.371170 
20.000000 20.000000 1.179431 2.383834 
20.000000 20.000000 1.179431 2.383834 
20.000000 20.000000 1.168197 2.394228 
20.000000 20.000000 1.168197 2.394228 
20.000000 20.000000 1.154600 2.406757 
20.000000 20.000000 1.154600 2.406757 
20.000000 20.000000 1.142778 2.417759 
20.000000 20.000000 1.142778 2.417759 
20.000000 20.000000 1.130484 2.429314 
20.000000 20.000000 1.130484 2.429314 
20.000000 20.000000 1.118740 2.440118 
20.000000 20.000000 1.118740 2.440118 
20.000000 20.000000 1.106148 2.451224 
20.000000 20.000000 1.106148 2.451224 
20.000000 20.000000 1.093245 2.462364 
20.000000 20.000000 1.093245 2.462364 
20.000000 20.000000 1.080615 2.473005 
20.000000 20.000000 1.080615 2.473005 
20.000000 20.000000 1.068236 2.483154 
20.000000 20.000000 1.068236 2.483154 
20.000000 20.000000 1.055968 2.492934 
20.000000 20.000000 1.055968 2.492934 
20.000000 20.000000 1.044788 2.501528 
20.000000 20.000000 1.044788 2.501528 
20.000000 20.000000 1.031397 2.511578 
20.000000 20.000000 1.031397 2.511578 
20.000000 20.000000 1.019670 2.520100 
20.000000 20.000000 1.019670 2.520100 
20.000000 20.000000 1.006556 2.529421 
20.000000 20.000000 1.006556 2.529421 
20.000000 20.000000 0.993048 2.538689 
20.000000 20.000000 0.993048 2.538689 
20.000000 20.000000 0.980433 2.546864 
20.000000 20.000000 0.980433 2.546864 
20.000000 20.000000 0.967298 2.555110 
20.000000 20.000000 0.967298 2.555110 
20.000000 20.000000 0.954026 2.563215 
20.000000 20.000000 0.954026 2.563215 
20.000000 20.000000 0.940472 2.571185 
20.000000 20.000000 0.940472 2.571185 
20.000000 20.000000 0.927287 2.578639 
20.000000 20.000000 0.927287 2.578639 
20.000000 20.000000 0.913863 2.585919 
20.000000 20.000000 0.913863 2.585919 
20.000000 20.000000 0.900530 2.592922 
20.000000 20.000000 0.900530 2.592922 
20.000000 20.000000 0.888985 2.598797 
20.000000 20.000000 0.888985 2.598797 
20.000000 20.000000 0.875042 2.605548 
20.000000 20.000000 0.875042 2.605548 
20.000000 20.000000 0.863561 2.610916 
20.000000 20.000000 0.863561 2.610916 
20.000000 20.000000 0.851553 2.616380 
20.000000 20.000000 0.851553 2.616380 
20.000000 20.000000 0.836975 2.622612 
20.000000 20.000000 0.836975 2.622612 
20.000000 20.000000 0.822816 2.627998 
20.000000 20.000000 0.822816 2.627998 
20.000000 20.000000 0.810695 2.632235 
20.000000 20.000000 0.810695 2.632235 
20.000000 20.000000 0.796186 2.636972 
20.000000 20.000000 0.796186 2.636972 
20.000000 20.000000 0.781824 2.641369 
20.000000 20.000000 0.781824 2.641369 
20.000000 20.000000 0.769434 2.644739 
20.000000 20.000000 0.769434 2.644739 
20.000000 20.000000 0.758589 2.647125 
20.000000 20.000000 0.758589 2.647125 
20.000000 20.000000 0.745079 2.649505 
20.000000 20.000000 0.745079 2.649505 
20.000000 20.000000 0.732531 2.651227 
20.000000 20.000000 0.732531 2.651227 
20.000000 20.000000 0.725930 2.651931 
20.000000 20.000000 0.725930 2.651931 
end threads 
