-0.750000 0.600000 0.000000 0.000000 2.500000 0.300000 0.625028 1.194289 0.620576 0.074469
-0.687942 0.607447 0.000000 0.000000 2.375885 0.285106 0.840000 -0.000000 0.834017 0.100082
-0.604541 0.617455 -4.992795 -1.866554 2.209082 0.265090 0.000012 -4.666600 0.000010 0.000007
-0.604540 0.617455 -4.992945 -1.866622 2.209079 0.265091 0.000012 -4.666600 0.000012 0.000001
-0.604539 0.617454 -4.993018 -1.866666 2.209078 0.265092 0.000012 -4.666600 0.000011 -0.000004
-0.604538 0.617453 -4.992999 -1.866676 2.209077 0.265095 0.000012 -4.666600 0.000008 -0.000009
-0.604539 0.617451 -4.992891 -1.866652 2.209077 0.265097 0.000012 -4.666600 0.000003 -0.000011
-0.604539 0.617451 -4.992717 -1.866596 2.209079 0.265099 0.109843 -4.056429 -0.095210 -0.054777
-0.614060 0.611973 -3.435689 -1.302581 2.228121 0.276054 0.511571 1.824606 -0.389771 -0.331336
-0.653038 0.578839 -0.305230 -0.129624 2.306075 0.342321 0.000012 4.666600 -0.000005 -0.000011
-0.653038 0.578838 -0.305204 -0.129614 2.306076 0.342324 0.000012 4.666600 0.000001 -0.000012
-0.653038 0.578837 -0.305192 -0.129610 2.306076 0.342326 0.000012 4.666600 0.000006 -0.000010
-0.653037 0.578836 -0.305197 -0.129613 2.306075 0.342328 0.000012 4.666600 0.000010 -0.000006
-0.653036 0.578835 -0.305216 -0.129622 2.306073 0.342329 0.000012 4.666600 0.000012 -0.000001
-0.653035 0.578835 -0.305247 -0.129635 2.306070 0.342330 0.462614 2.096590 0.460022 0.048902
-0.607033 0.583725 -2.839123 -1.322215 2.214066 0.332549 0.000012 -4.666600 0.000010 0.000007
-0.607032 0.583725 -2.839206 -1.322261 2.214064 0.332550 0.000012 -4.666600 0.000012 0.000001
-0.607031 0.583724 -2.839239 -1.322286 2.214062 0.332552 0.000012 -4.666600 0.000011 -0.000004
-0.607031 0.583723 -2.839216 -1.322286 2.214061 0.332554 0.000012 -4.666600 0.000008 -0.000009
-0.607031 0.583722 -2.839141 -1.322259 2.214062 0.332557 0.167915 -3.733808 -0.089666 -0.141970
-0.615997 0.569525 -1.637181 -0.807302 2.231995 0.360950 0.000012 4.666600 -0.000001 -0.000012
-0.615998 0.569524 -1.637137 -0.807286 2.231995 0.360953 0.000012 4.666600 0.000004 -0.000011
-0.615997 0.569522 -1.637127 -0.807287 2.231994 0.360955 0.000012 4.666600 0.000009 -0.000008
-0.615996 0.569522 -1.637155 -0.807306 2.231992 0.360957 0.677287 0.903963 0.541733 -0.406501
-0.561823 0.528872 -3.826820 -2.713780 2.123646 0.442257 0.000012 -4.666600 0.000012 -0.000002
-0.561822 0.528870 -3.826788 -2.713775 2.123645 0.442259 0.000012 -4.666600 0.000010 -0.000007
-0.561822 0.528869 -3.826689 -2.713720 2.123645 0.442261 0.000012 -4.666600 0.000005 -0.000011
-0.561823 0.528868 -3.826547 -2.713627 2.123646 0.442264 0.533274 -1.704034 -0.319890 -0.426675
-0.593812 0.486201 -0.385977 -0.296151 2.187624 0.527599 0.000012 4.666600 -0.000002 -0.000012
-0.593812 0.486200 -0.385951 -0.296132 2.187624 0.527601 0.000012 4.666600 0.000003 -0.000011
-0.593812 0.486198 -0.385937 -0.296124 2.187624 0.527603 0.000012 4.666600 0.000008 -0.000009
-0.593811 0.486198 -0.385940 -0.296128 2.187622 0.527605 0.000012 4.666600 0.000011 -0.000004
-0.593810 0.486197 -0.385958 -0.296143 2.187620 0.527606 0.000012 4.666600 0.000012 0.000001
-0.593809 0.486197 -0.385988 -0.296166 2.187617 0.527606 0.824550 0.085835 0.817829 0.105059
-0.512026 0.496703 -6.132105 -5.927826 2.024051 0.506594 0.000012 -4.666600 0.000010 0.000007
-0.512025 0.496703 -6.132197 -5.927950 2.024049 0.506594 0.000012 -4.666600 0.000012 0.000002
-0.512024 0.496702 -6.132176 -5.927970 2.024047 0.506596 0.000012 -4.666600 0.000011 -0.000004
-0.512023 0.496701 -6.132048 -5.927880 2.024047 0.506599 0.000012 -4.666600 0.000008 -0.000009
-0.512024 0.496700 -6.131839 -5.927702 2.024047 0.506601 0.000012 -4.666600 0.000004 -0.000011
-0.512024 0.496699 -6.131595 -5.927472 2.024049 0.506603 0.815364 -0.136865 -0.492427 -0.649873
-0.561267 0.431711 -0.082837 -0.084705 2.122534 0.636577 0.000012 4.666600 -0.000002 -0.000012
-0.561267 0.431710 -0.082818 -0.084687 2.122534 0.636580 0.000012 4.666600 0.000003 -0.000012
-0.561267 0.431709 -0.082807 -0.084676 2.122534 0.636582 0.000012 4.666600 0.000008 -0.000009
-0.561266 0.431708 -0.082806 -0.084675 2.122532 0.636584 0.000012 4.666600 0.000011 -0.000004
-0.561265 0.431708 -0.082815 -0.084684 2.122530 0.636585 0.000012 4.666600 0.000012 0.000001
-0.561264 0.431708 -0.082832 -0.084702 2.122527 0.636584 0.569696 1.501691 0.549922 0.148793
-0.506272 0.446587 -1.792469 -2.122194 2.012543 0.606826 0.000012 -4.666600 0.000009 0.000008
-0.506270 0.446587 -1.792501 -2.122244 2.012541 0.606826 0.000012 -4.666600 0.000012 0.000003
-0.506269 0.446586 -1.792497 -2.122252 2.012539 0.606828 0.000012 -4.666600 0.000012 -0.000002
-0.506269 0.446585 -1.792458 -2.122218 2.012538 0.606830 0.316491 -2.908383 0.045487 -0.313205
-0.501720 0.415265 -0.684631 -0.910417 2.003441 0.669471 0.000012 4.666600 0.000007 -0.000010
-0.501720 0.415264 -0.684617 -0.910403 2.003439 0.669473 0.000012 4.666600 0.000011 -0.000006
-0.501719 0.415263 -0.684620 -0.910412 2.003437 0.669474 0.277402 3.125544 0.272885 -0.049854
-0.474430 0.410278 -1.044038 -1.580373 1.948860 0.679445 0.000012 -4.666600 0.000012 0.000003
-0.474429 0.410277 -1.044030 -1.580371 1.948858 0.679446 0.595422 -1.358768 0.421936 -0.420116
-0.432235 0.368265 -0.397874 -0.833440 1.864471 0.763470 0.000012 4.666600 0.000011 -0.000004
-0.432234 0.368265 -0.397875 -0.833448 1.864469 0.763470 0.355982 2.688986 0.355578 -0.016966
-0.396677 0.366568 -0.589420 -1.540820 1.793353 0.766864 0.000012 -4.666600 0.000011 0.000005
-0.396675 0.366568 -0.589411 -1.540811 1.793351 0.766865 0.737418 -0.569901 0.620304 -0.398759
-0.334645 0.326692 -0.107585 -0.538028 1.669290 0.846616 0.000012 4.666600 0.000012 -0.000001
-0.334644 0.326692 -0.107584 -0.538032 1.669288 0.846617 0.300450 2.997499 0.294751 0.058241
-0.305169 0.332516 -0.133338 -1.009025 1.610338 0.834968 0.277706 -3.123853 0.275798 -0.032501
-0.277589 0.329266 -0.064853 -0.989008 1.555178 0.841469 0.806471 0.186271 0.802548 -0.079451
-0.197334 0.321321 0.065911 -0.536489 1.394668 0.857359 0.273130 3.149277 0.266769 0.058605
-0.170657 0.327181 0.111896 -0.596296 1.341315 0.845638 0.756613 -0.463260 0.745716 0.127950
-0.096086 0.339976 0.115587 -0.307920 1.192171 0.820048 0.474015 2.033252 0.441377 0.172847
-0.051948 0.357261 0.121472 -0.240881 1.103896 0.785478 0.759060 0.449667 0.693640 0.308278
0.017416 0.388089 0.000134 -0.000182 0.965168 0.723823 0.434889 2.250617 0.347969 0.260856
0.052213 0.414174 0.000000 0.000000 0.895574 0.671652 0.839637 0.002017 0.671720 0.503768
0.119385 0.464551 0.000000 0.000000 0.761230 0.570898 0.840000 0.000000 0.672010 0.503986
0.186586 0.514950 0.000000 0.000000 0.626828 0.470101 0.783523 0.000000 0.626828 0.470101
0.249269 0.561960 0.000000 0.000000 0.501462 0.376081 0.626818 0.000000 0.501462 0.376081
0.299415 0.599568 0.000000 0.000000 0.401170 0.300864 0.501455 0.000000 0.401170 0.300864
0.339532 0.629654 0.000000 0.000000 0.320936 0.240692 0.401164 0.000000 0.320936 0.240692
0.371626 0.653723 0.000000 0.000000 0.256749 0.192553 0.320931 0.000000 0.256749 0.192553
0.397300 0.672979 0.000000 0.000000 0.205399 0.154043 0.256745 0.000000 0.205399 0.154043
